Interval=	0.001 s
ExcelDateTime=	4.5714688204883329e+004	2/26/2025 16:31:00.901919
TimeFormat=	StartOfBlock
DateFormat=	
ChannelTitle=	Channel 4
Range=	2.000 mV
20.64	0.171875
20.641	-0.1655
20.642	-0.0625625
20.643	0.1583125
20.644	0.031
20.645	0.053625
20.646	0.3830625
20.647	0.3856875
20.648	0.33975
20.649	0.4635625
20.65	0.1103125
20.651	-0.0585625
20.652	0.3303125
20.653	0.5274375
20.654	0.6285
20.655	0.9764375
20.656	1.1505
20.657	0.7125
20.658	-0.23925
20.659	-0.4410625
20.66	0.4043125
20.661	0.687
20.662	0.42225
20.663	0.3790625
20.664	0.34975
20.665	0.0793125
20.666	-0.1188125
20.667	-0.00425
20.668	0.1199375
20.669	0.2570625
20.67	0.151375
20.671	-0.397
20.672	-0.3880625
20.673	0.4059375
20.674	1.311438
20.675	0.8771875
20.676	0.3273125
20.677	1.100875
20.678	0.920125
20.679	0.2175
20.68	-0.204875
20.681	-0.5611875
20.682	-0.273
20.683	0.6225625
20.684	1.475062
20.685	1.660187
20.686	0.6828125
20.687	-0.0188125
20.688	0.4885625
20.689	0.6285
20.69	0.2808125
20.691	0.0843125
20.692	-0.1744375
20.693	-0.3033125
20.694	-0.43375
20.695	-0.470875
20.696	0.043875
20.697	0.8134375
20.698	1.07625
20.699	-0.2319375
20.7	-0.6109375
20.701	0.665625
20.702	1.028063
20.703	0.9388125
20.704	0.557375
20.705	-0.024875
20.706	-0.147125
20.707	-0.1338125
20.708	-0.0295625
20.709	0.1865
20.71	0.2679375
20.711	0.0964375
20.712	-0.2080625
20.713	0.06375
20.714	0.3170625
20.715	0.02425
20.716	0.0785
20.717	0.322375
20.718	0.10075
20.719	0.116875
20.72	0.97425
20.721	1.517375
20.722	1.344062
20.723	1.1545
20.724	1.072625
20.725	1.263063
20.726	0.2660625
20.727	-0.9154375
20.728	0.1183125
20.729	0.8310625
20.73	1.045938
20.731	0.8963125
20.732	0.5046875
20.733	1.515188
20.734	1.723688
20.735	0.089
20.736	-0.1010625
20.737	1.709437
20.738	1.42775
20.739	0.670875
20.74	0.7911875
20.741	-0.5068125
20.742	-1.596125
20.743	-0.7344375
20.744	1.322125
20.745	1.727438
20.746	-0.0544375
20.747	0.36925
20.748	1.992188
20.749	2.035875
20.75	1.46625
20.751	0.5498125
20.752	-1.16275
20.753	NaN
20.754	-1.453938
20.755	-0.7195
20.756	-0.4943125
20.757	-0.5590625
20.758	-0.402375
20.759	-0.234375
20.76	-0.309
20.761	-0.285875
20.762	-0.0913125
20.763	-0.0201875
20.764	-0.11675
20.765	-0.13675
20.766	-0.223375
20.767	-0.0676875
20.768	0.968625
20.769	NaN
20.77	1.516
20.771	-0.54475
20.772	-0.37175
20.773	1.546875
20.774	NaN
20.775	1.091375
20.776	-0.133125
20.777	-0.6873125
20.778	-1.408625
20.779	-1.4
20.78	-1.146313
20.781	-1.049625
20.782	-0.93475
20.783	-0.9790625
20.784	-0.9454375
20.785	-0.9123125
20.786	-0.844375
20.787	-0.79625
20.788	-0.8031875
20.789	-0.759
20.79	-0.7010625
20.791	-0.6666875
20.792	-0.3499375
20.793	-0.0308125
20.794	-0.16725
20.795	-0.384
20.796	-0.196875
20.797	0.02025
20.798	-0.046625
20.799	-0.0073125
20.8	0.08625
20.801	0.11675
20.802	-0.00675
20.803	-0.17875
20.804	-0.2539375
20.805	-0.2583125
20.806	0.48475
20.807	0.41575
20.808	-0.748125
20.809	-0.6261875
20.81	0.142375
20.811	0.352125
20.812	-0.1185
20.813	-0.5761875
20.814	-0.551375
20.815	-0.469625
20.816	-0.418375
20.817	-0.2903125
20.818	-0.21425
20.819	-0.5154375
20.82	-0.4318125
20.821	0.015125
20.822	-0.40475
20.823	0.1013125
20.824	1.076188
20.825	1.413625
20.826	1.400937
20.827	0.3364375
20.828	-0.1488125
20.829	-0.2920625
20.83	-0.5243125
20.831	-0.3641875
20.832	-0.83675
20.833	-1.338938
20.834	-0.9545625
20.835	-0.552375
20.836	-0.44775
20.837	-0.383625
20.838	-0.3219375
20.839	-0.3156875
20.84	-0.329375
20.841	-0.2808125
20.842	-0.2259375
20.843	-0.259375
20.844	-0.33575
20.845	-0.3543125
20.846	-0.297625
20.847	-0.256125
20.848	-0.338125
20.849	-0.5259375
20.85	-0.5788125
20.851	-0.345875
20.852	-0.2586875
20.853	-0.6705
20.854	-0.6015
20.855	-0.076625
20.856	0.2285
20.857	0.2528125
20.858	-0.3255
20.859	-0.1796875
20.86	0.1619375
20.861	0.2289375
20.862	0.473125
20.863	-0.47125
20.864	-0.335375
20.865	0.5455625
20.866	0.05675
20.867	-0.461625
20.868	-0.5488125
20.869	0.515125
20.87	2.011563
20.871	1.345438
20.872	-0.5940625
20.873	-0.3749375
20.874	1.588625
20.875	1.734
20.876	0.366125
20.877	-0.69375
20.878	-1.542625
20.879	-1.47825
20.88	-0.8460625
20.881	-0.6201875
20.882	-0.560625
20.883	-0.687875
20.884	-0.7581875
20.885	-0.6385625
20.886	-0.400625
20.887	0.5633125
20.888	1.816938
20.889	0.339
20.89	-1.471875
20.891	0.4038125
20.892	NaN
20.893	1.714938
20.894	-0.8909375
20.895	NaN
20.896	-0.7861875
20.897	-0.717
20.898	-0.9675
20.899	-0.6764375
20.9	-0.7233125
20.901	-0.7795
20.902	-0.8915
20.903	-1.048125
20.904	-0.8959375
20.905	-0.680625
20.906	-0.5491875
20.907	-0.4885625
20.908	-0.4460625
20.909	-0.2904375
20.91	-0.31625
20.911	-0.7175
20.912	-0.8421875
20.913	-0.7078125
20.914	-0.4759375
20.915	-0.3046875
20.916	-0.690375
20.917	-1.091625
20.918	-0.5203125
20.919	0.3760625
20.92	1.747438
20.921	1.791063
20.922	-1.0175
20.923	-1.897375
20.924	0.3598125
20.925	NaN
20.926	1.015562
20.927	-0.8125
20.928	-1.316875
20.929	-1.361813
20.93	-1.217938
20.931	-1.161188
20.932	-1.06075
20.933	-0.9103125
20.934	-0.687125
20.935	-0.3425
20.936	-0.5324375
20.937	-0.750875
20.938	-0.695125
20.939	-0.927125
20.94	-0.97875
20.941	-0.765625
20.942	-0.4021875
20.943	-0.1143125
20.944	0.179
20.945	0.243625
20.946	0.21725
20.947	0.141625
20.948	-0.174625
20.949	0.1224375
20.95	0.3053125
20.951	0.301625
20.952	-0.345375
20.953	-0.1878125
20.954	0.751375
20.955	0.4681875
20.956	-0.5470625
20.957	-1.04575
20.958	-0.5628125
20.959	-0.45375
20.96	-0.70925
20.961	-0.55475
20.962	-0.571625
20.963	-0.7461875
20.964	-0.0724375
20.965	0.8485625
20.966	0.5899375
20.967	-0.3646875
20.968	-0.3195
20.969	1.460438
20.97	1.714313
20.971	-0.430125
20.972	-1.421625
20.973	-1.325188
20.974	-0.20425
20.975	0.3185625
20.976	-0.312125
20.977	-0.524875
20.978	-0.203125
20.979	-0.6485
20.98	-1.569563
20.981	-0.6751875
20.982	-0.392375
20.983	-1.672563
20.984	-1.580188
20.985	-0.3305625
20.986	0.1378125
20.987	-0.145375
20.988	-0.264
20.989	-0.1848125
20.99	-0.6355
20.991	-0.353625
20.992	0.291125
20.993	0.14525
20.994	-0.0591875
20.995	-0.2808125
20.996	-0.3325625
20.997	-0.3503125
20.998	-0.5375
20.999	-0.4910625
21	-0.0770625
21.001	0.761125
21.002	1.494563
21.003	0.976625
21.004	-0.312375
21.005	-1.006625
21.006	-0.0645
21.007	0.587125
21.008	-0.2643125
21.009	-0.9344375
21.01	-1.038375
21.011	-0.94825
21.012	-0.8248125
21.013	-0.8086875
21.014	-0.5983125
21.015	-0.192625
21.016	-0.0959375
21.017	0.574
21.018	0.93225
21.019	0.1500625
21.02	0.32975
21.021	1.481062
21.022	1.17075
21.023	0.7489375
21.024	0.6009375
21.025	-0.5916875
21.026	-1.087438
21.027	-0.336875
21.028	1.143063
21.029	1.729375
21.03	0.2675
21.031	-1.785
21.032	-0.3766875
21.033	0.254625
21.034	-1.206188
21.035	-0.5486875
21.036	-0.7506875
21.037	-1.446625
21.038	-0.8085
21.039	1.460688
21.04	1.627875
21.041	-1.715437
21.042	-1.219563
21.043	1.75775
21.044	NaN
21.045	0.4911875
21.046	-1.575
21.047	-1.85375
21.048	-1.70425
21.049	-1.651438
21.05	-0.7954375
21.051	0.4410625
21.052	0.6993125
21.053	-0.7436875
21.054	-1.131688
21.055	0.54
21.056	0.6720625
21.057	0.14025
21.058	1.16525
21.059	1.207688
21.06	-0.4773125
21.061	-1.82175
21.062	NaN
21.063	-0.661
21.064	0.860625
21.065	-0.2509375
21.066	-1.4725
21.067	-0.937
21.068	-0.6480625
21.069	-1.066375
21.07	-1.144688
21.071	-0.8696875
21.072	-0.5913125
21.073	-0.4274375
21.074	-0.579
21.075	-0.7515625
21.076	-0.491375
21.077	0.425875
21.078	1.770375
21.079	1.094563
21.08	-0.91725
21.081	-0.6171875
21.082	0.801625
21.083	1.18825
21.084	0.227
21.085	-1.180375
21.086	-1.224938
21.087	-0.811375
21.088	-0.7721875
21.089	-0.8320625
21.09	-0.8490625
21.091	-0.698
21.092	-0.5629375
21.093	-0.568
21.094	-0.35925
21.095	1.118875
21.096	1.939313
21.097	-0.8724375
21.098	-1.431188
21.099	1.730687
21.1	1.75975
21.101	-0.29475
21.102	-0.628375
21.103	-0.4294375
21.104	-1.029313
21.105	-1.40975
21.106	-1.2025
21.107	-1.351438
21.108	-0.2658125
21.109	0.566125
21.11	-0.4253125
21.111	-0.0006875
21.112	1.755625
21.113	1.837938
21.114	-0.6375625
21.115	-0.367875
21.116	1.8585
21.117	1.02475
21.118	-0.9909375
21.119	-1.577375
21.12	-1.190563
21.121	-0.634875
21.122	-0.6110625
21.123	-0.8251875
21.124	-0.481125
21.125	-0.4815
21.126	-0.8271875
21.127	-0.9865
21.128	-0.95725
21.129	-0.8578125
21.13	-0.646625
21.131	0.0280625
21.132	0.234125
21.133	0.1180625
21.134	0.5458125
21.135	0.5709375
21.136	0.3544375
21.137	-0.18025
21.138	-0.0001875
21.139	0.612375
21.14	-0.58575
21.141	-1.069813
21.142	1.49425
21.143	1.640937
21.144	-1.052875
21.145	-0.441875
21.146	1.433563
21.147	1.438563
21.148	0.349875
21.149	-1.012688
21.15	-1.249875
21.151	-0.9074375
21.152	-0.8738125
21.153	-0.50775
21.154	-0.0024375
21.155	-0.1859375
21.156	-0.5969375
21.157	-0.4225
21.158	0.583875
21.159	1.712813
21.16	1.585188
21.161	1.40125
21.162	0.9121875
21.163	-0.5609375
21.164	-0.3743125
21.165	0.70725
21.166	-0.4770625
21.167	-1.265438
21.168	-0.77825
21.169	-0.6975
21.17	-0.25425
21.171	0.0275625
21.172	-0.230875
21.173	-0.5655625
21.174	-0.1773125
21.175	1.113063
21.176	1.049875
21.177	0.3168125
21.178	0.408625
21.179	0.4266875
21.18	0.810625
21.181	0.8608125
21.182	0.2553125
21.183	0.714375
21.184	0.2844375
21.185	-1.23
21.186	-0.7601875
21.187	0.258125
21.188	0.7056875
21.189	1.325813
21.19	0.75025
21.191	-0.3575
21.192	-0.090375
21.193	0.2169375
21.194	-0.1324375
21.195	-0.74025
21.196	-1.00425
21.197	-1.032875
21.198	-0.781875
21.199	0.3350625
21.2	0.711875
21.201	0.0374375
21.202	-0.35825
21.203	0.179375
21.204	0.8145
21.205	0.3966875
21.206	-0.2105
21.207	-0.2465625
21.208	0.119375
21.209	0.194125
21.21	0.7859375
21.211	1.831938
21.212	NaN
21.213	-0.068625
21.214	NaN
21.215	0.34725
21.216	NaN
21.217	1.597625
21.218	-0.003375
21.219	-0.5554375
21.22	-0.4355
21.221	-1.172875
21.222	-1.109
21.223	-0.3461875
21.224	0.1748125
21.225	-0.13025
21.226	-0.88975
21.227	-1.191063
21.228	-1.153688
21.229	-0.81675
21.23	0.0985625
21.231	0.5445625
21.232	0.2396875
21.233	0.257875
21.234	1.244875
21.235	1.439
21.236	0.9034375
21.237	0.386125
21.238	0.0195
21.239	0.4430625
21.24	-0.0348125
21.241	-0.313
21.242	0.7715
21.243	-0.1366875
21.244	-1.992563
21.245	-0.6086875
21.246	1.093125
21.247	0.6034375
21.248	-0.5200625
21.249	-0.086875
21.25	1.801313
21.251	1.804625
21.252	-0.0125625
21.253	-0.8243125
21.254	-0.48125
21.255	-0.250625
21.256	-0.1224375
21.257	0.0821875
21.258	-0.03925
21.259	0.03475
21.26	0.0440625
21.261	-0.1081875
21.262	0.1313125
21.263	0.22825
21.264	0.041875
21.265	-0.3
21.266	-0.457875
21.267	0.274375
21.268	0.7634375
21.269	0.85925
21.27	1.230875
21.271	0.5146875
21.272	-0.5085625
21.273	0.5188125
21.274	NaN
21.275	1.416187
21.276	-0.539375
21.277	-0.237375
21.278	1.176375
21.279	-0.3210625
21.28	-0.9995
21.281	1.45325
21.282	1.507188
21.283	-0.0128125
21.284	-0.0289375
21.285	0.48775
21.286	0.5705
21.287	0.30675
21.288	-0.247
21.289	-0.58025
21.29	-0.345625
21.291	-0.2315
21.292	-0.09925
21.293	0.055
21.294	0.144125
21.295	0.14625
21.296	-0.0173125
21.297	0.2118125
21.298	0.7941875
21.299	0.4205625
21.3	0.054625
21.301	0.90925
21.302	1.113625
21.303	0.5455625
21.304	0.2258125
21.305	0.206625
21.306	-0.0095625
21.307	-0.048125
21.308	0.216125
21.309	0.545875
21.31	0.8914375
21.311	0.2380625
21.312	-0.007125
21.313	0.6351875
21.314	0.418625
21.315	0.966625
21.316	1.785562
21.317	1.118063
21.318	0.61
21.319	1.0355
21.32	1.944938
21.321	1.62625
21.322	0.7453125
21.323	-0.1609375
21.324	-0.025
21.325	1.662125
21.326	1.895
21.327	1.593875
21.328	1.266625
21.329	0.264625
21.33	-0.19375
21.331	0.229875
21.332	0.369625
21.333	-0.093375
21.334	0.4839375
21.335	1.399688
21.336	NaN
21.337	1.31925
21.338	-0.8405
21.339	-0.9633125
21.34	0.737625
21.341	0.9970625
21.342	0.2345625
21.343	0.439125
21.344	0.68
21.345	1.251563
21.346	1.389313
21.347	0.8319375
21.348	0.224125
21.349	0.4705
21.35	1.044438
21.351	1.297125
21.352	0.41925
21.353	-0.1964375
21.354	1.348813
21.355	1.786813
21.356	1.88375
21.357	1.05625
21.358	-0.1513125
21.359	-0.012375
21.36	0.3045
21.361	0.8095
21.362	0.7056875
21.363	0.3316875
21.364	0.3934375
21.365	0.81125
21.366	1.446438
21.367	1.608625
21.368	1.034688
21.369	1.325875
21.37	NaN
21.371	0.708875
21.372	-0.830375
21.373	0.8840625
21.374	NaN
21.375	1.853438
21.376	-0.272875
21.377	-1.00425
21.378	0.6906875
21.379	0.3688125
21.38	0.46425
21.381	0.539625
21.382	-0.1280625
21.383	-0.0868125
21.384	-0.038875
21.385	0.17875
21.386	0.017375
21.387	0.4568125
21.388	1.681313
21.389	NaN
21.39	0.203
21.391	NaN
21.392	-0.042
21.393	NaN
21.394	1.755188
21.395	0.2361875
21.396	-0.1821875
21.397	-0.3434375
21.398	-1.533813
21.399	-1.691938
21.4	-0.8946875
21.401	-0.053
21.402	-0.2213125
21.403	-0.485875
21.404	0.1379375
21.405	1.552625
21.406	1.617563
21.407	-0.3484375
21.408	0.4239375
21.409	NaN
21.41	0.1869375
21.411	-1.889188
21.412	-0.631875
21.413	-0.0126875
21.414	-0.202
21.415	-0.8114375
21.416	-0.94175
21.417	-0.301375
21.418	-0.009375
21.419	0.161875
21.42	1.520188
21.421	1.955313
21.422	-0.7286875
21.423	-1.453437
21.424	-0.074625
21.425	1.22575
21.426	1.334625
21.427	0.0595
21.428	-0.2385625
21.429	-0.64325
21.43	-1.171375
21.431	-1.487688
21.432	-1.493938
21.433	-0.10975
21.434	1.512625
21.435	0.326875
21.436	-1.999438
21.437	-1.301938
21.438	1.0475
21.439	NaN
21.44	1.89875
21.441	0.1314375
21.442	-1.603938
21.443	-1.682063
21.444	-1.42975
21.445	-1.213
21.446	-1.016875
21.447	-0.83025
21.448	-0.634875
21.449	-0.6208125
21.45	-0.4874375
21.451	-0.279
21.452	-0.2253125
21.453	-0.2016875
21.454	-0.24875
21.455	-0.2776875
21.456	-0.408625
21.457	-0.3658125
21.458	0.143875
21.459	0.3069375
21.46	-0.0781875
21.461	-0.707375
21.462	-0.3328125
21.463	0.8355625
21.464	1.441688
21.465	1.291438
21.466	0.451875
21.467	-0.67325
21.468	-0.643625
21.469	0.8209375
21.47	1.385188
21.471	0.6230625
21.472	-0.4638125
21.473	-0.233125
21.474	0.6633125
21.475	0.346
21.476	-0.30875
21.477	-0.834
21.478	-0.2983125
21.479	1.44575
21.48	0.764125
21.481	-1.78425
21.482	-1.11925
21.483	0.082
21.484	0.5999375
21.485	0.6375625
21.486	-1.391063
21.487	-1.411375
21.488	0.663
21.489	1.237125
21.49	0.7895625
21.491	0.6003125
21.492	-0.2298125
21.493	-1.212188
21.494	-0.421625
21.495	0.277625
21.496	-0.19925
21.497	-1.172438
21.498	-1.521188
21.499	-0.491625
21.5	1.183063
21.501	1.419688
21.502	-0.9743125
21.503	-1.97125
21.504	0.018125
21.505	1.841375
21.506	1.642625
21.507	-0.0119375
21.508	-1.3535
21.509	-1.807563
21.51	-1.920125
21.511	-1.430688
21.512	1.001375
21.513	NaN
21.514	-0.7778125
21.515	NaN
21.516	-0.3985
21.517	NaN
21.518	1.623625
21.519	-0.74925
21.52	-1.7305
21.521	-1.276938
21.522	-0.91775
21.523	-0.013375
21.524	0.138
21.525	-1.322188
21.526	-1.269125
21.527	-0.1255
21.528	-0.086375
21.529	-0.412
21.53	-0.306375
21.531	0.1510625
21.532	1.189812
21.533	0.5900625
21.534	-1.80425
21.535	-1.49975
21.536	1.086
21.537	1.74
21.538	0.087125
21.539	-1.677125
21.54	NaN
21.541	-1.6115
21.542	-1.225313
21.543	-1.083063
21.544	-1.008688
21.545	-0.8521875
21.546	-0.6238125
21.547	-0.5863125
21.548	-0.5484375
21.549	-0.388
21.55	-0.2689375
21.551	0.0529375
21.552	0.0113125
21.553	-0.2054375
21.554	-0.428625
21.555	-0.578125
21.556	-0.3115
21.557	-0.1246875
21.558	-0.44075
21.559	-0.5023125
21.56	0.90325
21.561	1.632188
21.562	0.2353125
21.563	-1.663875
21.564	-1.616063
21.565	0.822875
21.566	1.439437
21.567	-0.1841875
21.568	-1.735125
21.569	-1.653375
21.57	-0.47525
21.571	-0.14325
21.572	0.415625
21.573	0.25525
21.574	-0.5455625
21.575	-0.035625
21.576	0.5933125
21.577	-0.0280625
21.578	-0.844625
21.579	-0.567625
21.58	-0.08225
21.581	0.317875
21.582	-0.022125
21.583	-1.213062
21.584	-0.9249375
21.585	0.314
21.586	0.293625
21.587	-0.571875
21.588	-1.151875
21.589	-1.2215
21.59	-0.9735625
21.591	-0.6883125
21.592	-0.5598125
21.593	-0.4140625
21.594	-0.247875
21.595	-0.3379375
21.596	-0.4779375
21.597	-0.17275
21.598	0.0028125
21.599	0.6190625
21.6	NaN
21.601	1.1615
21.602	-1.689625
21.603	-1.9365
21.604	0.3094375
21.605	1.843938
21.606	1.057125
21.607	-0.432875
21.608	-1.511625
21.609	-1.649313
21.61	-1.308125
21.611	-1.09275
21.612	-0.8564375
21.613	-0.737375
21.614	-0.6513125
21.615	-0.6344375
21.616	-0.5949375
21.617	-0.6105625
21.618	-0.522375
21.619	-0.052
21.62	0.1465
21.621	-0.3238125
21.622	-0.712125
21.623	-0.2431875
21.624	0.5281875
21.625	0.048875
21.626	-0.876
21.627	-0.36575
21.628	0.511
21.629	0.1201875
21.63	-0.668125
21.631	-0.8898125
21.632	-0.7776875
21.633	-0.5271875
21.634	-0.4333125
21.635	-0.4375
21.636	-0.317375
21.637	-0.221875
21.638	-0.2463125
21.639	-0.3159375
21.64	-0.3448125
21.641	-0.401
21.642	-0.454375
21.643	-0.4150625
21.644	-0.4064375
21.645	-0.4830625
21.646	-0.506375
21.647	-0.407125
21.648	-0.28525
21.649	-0.195875
21.65	-0.162625
21.651	-0.1498125
21.652	-0.1473125
21.653	-0.170625
21.654	-0.246625
21.655	-0.2209375
21.656	-0.23825
21.657	0.0814375
21.658	1.405375
21.659	0.77125
21.66	-0.9144375
21.661	-0.7411875
21.662	0.07475
21.663	1.45625
21.664	1.166625
21.665	-0.8756875
21.666	-1.695063
21.667	-0.8235625
21.668	0.0935625
21.669	0.7335625
21.67	0.2476875
21.671	-0.8033125
21.672	-0.8350625
21.673	-1.1535
21.674	-1.279438
21.675	-0.9483125
21.676	-0.718
21.677	-0.484625
21.678	-0.238125
21.679	-0.292875
21.68	-0.254625
21.681	0.0696875
21.682	0.0960625
21.683	-0.0466875
21.684	-0.142875
21.685	-0.3028125
21.686	-0.4503125
21.687	-0.4565
21.688	-0.4603125
21.689	-0.4790625
21.69	-0.4656875
21.691	-0.4379375
21.692	-0.483625
21.693	-0.46175
21.694	-0.4181875
21.695	-0.6825
21.696	-0.954625
21.697	-1.159063
21.698	-0.072875
21.699	1.297375
21.7	0.129125
21.701	-0.523375
21.702	0.119125
21.703	0.555
21.704	0.8418125
21.705	0.2295625
21.706	-0.4703125
21.707	-0.9280625
21.708	-0.82975
21.709	-0.3140625
21.71	0.0026875
21.711	0.5094375
21.712	0.505875
21.713	0.139625
21.714	0.5245
21.715	0.190125
21.716	-0.0324375
21.717	-0.107
21.718	-0.807875
21.719	-0.636875
21.72	-0.2768125
21.721	-0.5385
21.722	-0.7665
21.723	-0.864625
21.724	-0.853875
21.725	-0.665375
21.726	-0.4788125
21.727	-0.2478125
21.728	-0.084625
21.729	-0.0558125
21.73	-0.13725
21.731	-0.56175
21.732	-0.454375
21.733	0.2041875
21.734	0.65825
21.735	0.5655625
21.736	-0.215125
21.737	-0.2039375
21.738	0.0998125
21.739	-0.130875
21.74	-0.1358125
21.741	-0.12225
21.742	-0.2181875
21.743	-0.2304375
21.744	-0.3194375
21.745	-0.3205
21.746	-0.3241875
21.747	-0.41175
21.748	-0.3285
21.749	-0.31825
21.75	-0.372625
21.751	-0.402125
21.752	-0.413375
21.753	-0.4144375
21.754	-0.4085625
21.755	-0.381875
21.756	-0.22225
21.757	-0.172125
21.758	-0.81175
21.759	-0.7033125
21.76	-0.083375
21.761	-0.19275
21.762	0.246875
21.763	0.39225
21.764	-0.9149375
21.765	-1.150375
21.766	-0.1021875
21.767	0.21
21.768	-0.083625
21.769	-0.48
21.77	-0.6251875
21.771	-0.40925
21.772	-0.267375
21.773	-0.3225625
21.774	-0.347125
21.775	-0.42675
21.776	-0.48925
21.777	-0.5028125
21.778	-0.6171875
21.779	0.0306875
21.78	0.964125
21.781	0.4063125
21.782	-0.1590625
21.783	1.037813
21.784	1.870063
21.785	0.81525
21.786	-0.158
21.787	-0.07525
21.788	-0.0341875
21.789	-0.233875
21.79	-0.5675
21.791	-0.93775
21.792	-1.128313
21.793	-1.30675
21.794	-0.8606875
21.795	-0.36425
21.796	-0.4809375
21.797	-0.1983125
21.798	0.125125
21.799	0.0995625
21.8	-0.0653125
21.801	-0.13725
21.802	-0.07025
21.803	-0.0154375
21.804	-0.0703125
21.805	-0.1989375
21.806	-0.1845625
21.807	-0.08625
21.808	-0.808125
21.809	-1.45025
21.81	-0.601625
21.811	0.0806875
21.812	0.1526875
21.813	0.021875
21.814	-0.3713125
21.815	-0.1809375
21.816	0.0706875
21.817	0.22125
21.818	0.657375
21.819	0.5093125
21.82	1.14925
21.821	1.3195
21.822	-0.79975
21.823	-0.2169375
21.824	2.012313
21.825	1.36375
21.826	-0.533375
21.827	-1.5115
21.828	-1.698
21.829	-1.641313
21.83	-1.552125
21.831	-0.7438125
21.832	0.6213125
21.833	0.587125
21.834	-0.681
21.835	-1.160813
21.836	0.037
21.837	0.7588125
21.838	-0.0668125
21.839	-1.028188
21.84	-0.7705
21.841	0.420375
21.842	0.274625
21.843	-1.158063
21.844	-0.5970625
21.845	0.9063125
21.846	0.6885625
21.847	0.2105
21.848	-0.4164375
21.849	-0.9996875
21.85	-0.9489375
21.851	-0.8103125
21.852	-0.631375
21.853	-0.539875
21.854	-0.497
21.855	-0.453625
21.856	-0.40975
21.857	-0.363125
21.858	-0.3194375
21.859	-0.299125
21.86	-0.3079375
21.861	-0.3128125
21.862	-0.322
21.863	-0.3181875
21.864	-0.2961875
21.865	-0.2998125
21.866	-0.2813125
21.867	-0.192875
21.868	-0.0693125
21.869	-0.05375
21.87	-0.1735
21.871	-0.2289375
21.872	-0.12775
21.873	-0.045
21.874	-0.02575
21.875	0.0321875
21.876	0.1024375
21.877	0.146125
21.878	0.0348125
21.879	-0.1378125
21.88	-0.2278125
21.881	-0.25375
21.882	-0.2796875
21.883	-0.3171875
21.884	-0.3791875
21.885	-0.51525
21.886	-0.4814375
21.887	-0.4091875
21.888	-0.489625
21.889	-0.5395625
21.89	-0.4769375
21.891	-0.3880625
21.892	-0.2045
21.893	0.02875
21.894	0.0395625
21.895	-0.0725
21.896	-0.3185625
21.897	-0.4114375
21.898	-0.0866875
21.899	0.26575
21.9	-0.2631875
21.901	-1.169125
21.902	-0.4160625
21.903	0.6435625
21.904	0.14975
21.905	-0.6204375
21.906	-0.785375
21.907	-0.137375
21.908	1.048688
21.909	1.624563
21.91	-0.2626875
21.911	NaN
21.912	-0.877875
21.913	0.889
21.914	0.616125
21.915	-0.6594375
21.916	-1.064938
21.917	-0.7124375
21.918	-0.666125
21.919	-0.646125
21.92	-0.302625
21.921	-0.1546875
21.922	-0.347875
21.923	-0.31625
21.924	-0.1765
21.925	-0.2405
21.926	0.1294375
21.927	0.2419375
21.928	-0.1238125
21.929	-0.2106875
21.93	-0.2384375
21.931	-0.1594375
21.932	-0.05475
21.933	-0.030875
21.934	-0.057125
21.935	-0.122625
21.936	-0.1595
21.937	-0.1613125
21.938	-0.1301875
21.939	-0.1095625
21.94	-0.1956875
21.941	-0.4615625
21.942	-0.634375
21.943	-0.5804375
21.944	-0.417625
21.945	-0.191875
21.946	-0.018125
21.947	-0.0309375
21.948	-0.16925
21.949	-0.1911875
21.95	0.0685625
21.951	-0.349
21.952	-1.01625
21.953	-0.8548125
21.954	-0.0618125
21.955	0.4675625
21.956	-0.2004375
21.957	-0.6893125
21.958	-0.1145625
21.959	0.257875
21.96	-0.053375
21.961	-0.2635625
21.962	-0.2811875
21.963	-0.265125
21.964	-0.2215625
21.965	-0.221625
21.966	-0.1906875
21.967	-0.187875
21.968	-0.2178125
21.969	-0.2348125
21.97	-0.326375
21.971	-0.4205625
21.972	-0.4456875
21.973	-0.4334375
21.974	-0.377
21.975	-0.33
21.976	-0.2985625
21.977	-0.2815625
21.978	-0.3614375
21.979	-0.3625
21.98	-0.22525
21.981	-0.207
21.982	-0.255
21.983	-0.2411875
21.984	-0.2050625
21.985	-0.17825
21.986	-0.1888125
21.987	-0.213875
21.988	-0.258125
21.989	-0.3046875
21.99	-0.3465625
21.991	-0.309875
21.992	-0.21275
21.993	-0.1839375
21.994	-0.124
21.995	-0.0354375
21.996	-0.0325
21.997	-0.049875
21.998	-0.007625
21.999	0.0231875
22	-0.0469375
22.001	-0.129
22.002	-0.14
22.003	-0.1058125
22.004	-0.033375
22.005	0.0406875
22.006	0.03575
22.007	-0.0108125
22.008	-0.0058125
22.009	-0.15975
22.01	-0.3560625
22.011	-0.419875
22.012	-0.4215
22.013	-0.3904375
22.014	-0.378625
22.015	-0.4161875
22.016	-0.453
22.017	-0.4014375
22.018	-0.339375
22.019	-0.3065625
22.02	-0.272625
22.021	-0.2775625
22.022	-0.30025
22.023	-0.254125
22.024	-0.2021875
22.025	-0.22375
22.026	-0.212125
22.027	-0.11975
22.028	-0.0823125
22.029	-0.136125
22.03	-0.157125
22.031	-0.1958125
22.032	-0.393625
22.033	-0.5560625
22.034	-0.5929375
22.035	-0.531125
22.036	-0.4506875
22.037	-0.343125
22.038	-0.1360625
22.039	-0.0535625
