Interval=	0.001 s
ExcelDateTime=	4.5714703475469265e+004	2/26/2025 16:53:00.280544
TimeFormat=	StartOfBlock
DateFormat=	
ChannelTitle=	Channel 4
Range=	2.000 mV
4.56	0.5171875
4.561	0.6369375
4.562	1.122563
4.563	1.402187
4.564	0.36025
4.565	-0.4176875
4.566	-0.0368125
4.567	-0.080125
4.568	0.1796875
4.569	1.034188
4.57	1.283063
4.571	0.6516875
4.572	-0.05925
4.573	0.150875
4.574	-0.11275
4.575	-0.5218125
4.576	-0.0166875
4.577	0.335625
4.578	0.5445625
4.579	0.9809375
4.58	1.470063
4.581	1.549063
4.582	1.097188
4.583	0.7719375
4.584	0.0243125
4.585	-1.006813
4.586	-0.60625
4.587	0.083625
4.588	0.3825
4.589	0.7079375
4.59	0.315125
4.591	0.502
4.592	0.9825
4.593	0.4119375
4.594	0.168
4.595	-0.034125
4.596	-0.5008125
4.597	-0.5070625
4.598	-0.211875
4.599	0.4033125
4.6	0.568625
4.601	-0.1278125
4.602	-0.54325
4.603	0.246625
4.604	1.508063
4.605	1.50925
4.606	0.9913125
4.607	1.060938
4.608	1.067563
4.609	0.4450625
4.61	-0.3375
4.611	-0.309625
4.612	-0.2294375
4.613	-0.0720625
4.614	-0.0346875
4.615	-0.281
4.616	0.168875
4.617	0.1923125
4.618	-0.66875
4.619	-0.4985625
4.62	0.1401875
4.621	-0.0265
4.622	0.041875
4.623	0.828875
4.624	1.193125
4.625	0.9944375
4.626	0.7223125
4.627	0.2999375
4.628	0.5178125
4.629	0.87
4.63	0.4185
4.631	-0.09275
4.632	0.0254375
4.633	0.60425
4.634	0.8470625
4.635	1.07
4.636	0.767625
4.637	-0.659375
4.638	-1.138875
4.639	0.074625
4.64	0.8171875
4.641	-0.175875
4.642	-0.25675
4.643	0.9254375
4.644	0.8841875
4.645	0.347875
4.646	-0.2783125
4.647	-0.8931875
4.648	-0.2969375
4.649	0.1450625
4.65	-0.513875
4.651	-0.73575
4.652	0.2704375
4.653	1.551313
4.654	NaN
4.655	1.97825
4.656	0.286875
4.657	-0.6109375
4.658	-0.18575
4.659	-0.5658125
4.66	-0.7665
4.661	-0.84775
4.662	-1.144937
4.663	-0.9760625
4.664	-0.7881875
4.665	-0.6730625
4.666	-0.0415
4.667	-0.035
4.668	-0.6235
4.669	-0.917875
4.67	-0.113375
4.671	0.991
4.672	1.034188
4.673	0.0083125
4.674	-0.35
4.675	1.038625
4.676	1.462625
4.677	0.786625
4.678	0.0403125
4.679	-0.5985
4.68	-0.7770625
4.681	-0.822375
4.682	-0.2105625
4.683	0.01925
4.684	-0.3316875
4.685	0.053625
4.686	0.2881875
4.687	0.4228125
4.688	0.5356875
4.689	0.6278125
4.69	0.3875625
4.691	-0.9974375
4.692	-1.41825
4.693	-0.4443125
4.694	0.68925
4.695	0.862375
4.696	-0.3174375
4.697	-0.653375
4.698	-0.1539375
4.699	-0.2676875
4.7	-0.74
4.701	-0.7415
4.702	-0.2344375
4.703	0.47425
4.704	1.08075
4.705	0.40075
4.706	-0.2145625
4.707	-0.2386875
4.708	-0.430125
4.709	-0.072625
4.71	0.2015625
4.711	-0.0971875
4.712	-1.02525
4.713	-0.658625
4.714	0.802
4.715	0.8080625
4.716	-0.3586875
4.717	-0.956
4.718	-0.6273125
4.719	-0.3945625
4.72	-0.0285
4.721	-0.215
4.722	-0.3223125
4.723	-0.0310625
4.724	-0.21375
4.725	0.631125
4.726	0.78625
4.727	0.30275
4.728	0.83775
4.729	0.499125
4.73	-0.4595625
4.731	-1.036
4.732	-1.174125
4.733	-1.319438
4.734	-0.590625
4.735	0.5181875
4.736	-0.162375
4.737	-0.7416875
4.738	0.1064375
4.739	0.94075
4.74	1.07025
4.741	0.446125
4.742	0.264875
4.743	-0.2209375
4.744	-0.695125
4.745	-0.1900625
4.746	-0.3245
4.747	-0.1601875
4.748	-0.246125
4.749	-1.232125
4.75	-1.196188
4.751	-0.5435625
4.752	0.17025
4.753	0.5839375
4.754	0.3844375
4.755	0.3249375
4.756	0.4070625
4.757	0.7189375
4.758	0.2606875
4.759	-0.1006875
4.76	0.3728125
4.761	0.040625
4.762	-0.230375
4.763	-0.5981875
4.764	-0.568625
4.765	0.3098125
4.766	0.23475
4.767	-0.163
4.768	-0.254875
4.769	-0.246375
4.77	-0.34975
4.771	-1.038625
4.772	-1.581313
4.773	-1.576
4.774	-0.6361875
4.775	0.6595625
4.776	0.9451875
4.777	0.68275
4.778	0.822625
4.779	1.130188
4.78	0.882625
4.781	0.0464375
4.782	-0.3791875
4.783	-0.5868125
4.784	-1.032438
4.785	-1.455625
4.786	-1.409313
4.787	-0.602375
4.788	0.3825625
4.789	0.5908125
4.79	0.211
4.791	-0.2
4.792	0.63025
4.793	1.2165
4.794	0.165125
4.795	-0.345375
4.796	-0.7376875
4.797	-1.11325
4.798	-0.5364375
4.799	-0.001
4.8	0.03175
4.801	0.414125
4.802	0.2804375
4.803	-0.23775
4.804	-0.0261875
4.805	0.167375
4.806	0.140375
4.807	0.1799375
4.808	-0.684125
4.809	-0.94875
4.81	-0.20125
4.811	-0.1550625
4.812	-0.6279375
4.813	-0.7518125
4.814	-0.4225
4.815	0.3585625
4.816	1.222813
4.817	0.9086875
4.818	-0.0865625
4.819	-0.6755
4.82	-0.682125
4.821	-0.6113125
4.822	-0.50275
4.823	-0.115
4.824	-0.0034375
4.825	-0.1555
4.826	0.3761875
4.827	0.818125
4.828	0.1841875
4.829	-0.48525
4.83	-0.7574375
4.831	-0.563375
4.832	-0.430375
4.833	-0.7519375
4.834	-0.6010625
4.835	-0.5075625
4.836	0.104375
4.837	1.36925
4.838	1.421812
4.839	0.716375
4.84	0.429875
4.841	-0.0126875
4.842	-0.7678125
4.843	-1.256188
4.844	-1.511563
4.845	-1.335438
4.846	-1.142
4.847	-0.4953125
4.848	0.696875
4.849	1.507875
4.85	1.801063
4.851	1.340125
4.852	0.4370625
4.853	-0.7138125
4.854	-0.493125
4.855	-0.4588125
4.856	-1.370625
4.857	-1.409438
4.858	-1.127438
4.859	-0.390375
4.86	-0.071375
4.861	-0.2643125
4.862	0.059125
4.863	0.6073125
4.864	-0.082
4.865	-0.7515
4.866	0.0866875
4.867	0.4673125
4.868	0.42275
4.869	0.033875
4.87	-0.4186875
4.871	-0.3634375
4.872	-0.3245625
4.873	-0.208
4.874	-0.2936875
4.875	-0.5523125
4.876	-0.9146875
4.877	-0.664625
4.878	-0.2889375
4.879	-0.431625
4.88	0.052875
4.881	0.7676875
4.882	1.197
4.883	1.424375
4.884	1.078188
4.885	0.3039375
4.886	-0.65275
4.887	-1.309375
4.888	-0.7620625
4.889	-0.2816875
4.89	-0.48525
4.891	-0.8664375
4.892	-0.557875
4.893	0.043
4.894	-0.2175
4.895	0.0001875
4.896	0.4824375
4.897	0.1034375
4.898	-0.243875
4.899	-0.00075
4.9	0.243
4.901	0.743
4.902	0.299
4.903	-0.0589375
4.904	-0.0093125
4.905	-0.782625
4.906	-0.9289375
4.907	-1.331813
4.908	-1.210875
4.909	-0.3510625
4.91	-0.1624375
4.911	-0.56725
4.912	-0.80125
4.913	-0.0180625
4.914	0.7314375
4.915	0.6845625
4.916	0.286125
4.917	0.14175
4.918	0.8405
4.919	0.9100625
4.92	0.2855625
4.921	0.4301875
4.922	0.0030625
4.923	-0.6366875
4.924	-0.6185
4.925	-0.8216875
4.926	-1.128063
4.927	-0.862875
4.928	-0.3073125
4.929	-0.0845
4.93	-0.1490625
4.931	-0.4435
4.932	-0.6076875
4.933	-0.6075
4.934	-0.90125
4.935	-1.161563
4.936	0.124625
4.937	1.478625
4.938	0.180375
4.939	-0.591
4.94	0.668375
4.941	1.14625
4.942	0.3948125
4.943	0.131375
4.944	0.4903125
4.945	0.2904375
4.946	-0.5235
4.947	-1.432375
4.948	-1.020563
4.949	0.1681875
4.95	-0.0759375
4.951	-1.36625
4.952	-1.3855
4.953	-0.3103125
4.954	0.1911875
4.955	0.7415625
4.956	1.24525
4.957	0.544625
4.958	-0.449625
4.959	-0.957125
4.96	-0.833375
4.961	-0.4913125
4.962	-0.4075
4.963	-0.539
4.964	-0.4541875
4.965	-0.0884375
4.966	0.9525
4.967	NaN
4.968	1.202625
4.969	-0.893125
4.97	-1.119125
4.971	-0.3305625
4.972	-0.184625
4.973	-0.4263125
4.974	-0.596875
4.975	-0.481
4.976	-0.0975
4.977	-0.0098125
4.978	-0.62275
4.979	-0.59
4.98	0.00975
4.981	0.073875
4.982	-0.2926875
4.983	-0.551125
4.984	-0.48125
4.985	-0.7434375
4.986	-0.9550625
4.987	-0.80225
4.988	-0.3779375
4.989	0.54225
4.99	0.7046875
4.991	0.18875
4.992	0.30925
4.993	0.365375
4.994	0.357125
4.995	0.3413125
4.996	-0.4619375
4.997	-0.4038125
4.998	0.21575
4.999	0.416125
5	0.2989375
5.001	0.0765625
5.002	0.328375
5.003	0.0485
5.004	-0.47175
5.005	-1.098313
5.006	-1.376937
5.007	-1.07525
5.008	-0.829625
5.009	0.00175
5.01	0.5125625
5.011	0.697125
5.012	1.02025
5.013	0.2030625
5.014	-0.964875
5.015	-1.181812
5.016	-0.84225
5.017	0.1166875
5.018	0.7673125
5.019	0.4871875
5.02	0.1454375
5.021	-0.43375
5.022	-0.417625
5.023	-0.1278125
5.024	-0.154625
5.025	-0.0373125
5.026	0.14175
5.027	0.011125
5.028	-0.6985
5.029	-1.148562
5.03	-1.128
5.031	-0.80475
5.032	0.3291875
5.033	1.009875
5.034	0.64175
5.035	0.162
5.036	-0.4406875
5.037	-0.6238125
5.038	-0.388625
5.039	-0.597625
5.04	-0.851375
5.041	-0.7418125
5.042	-0.570375
5.043	-0.5234375
5.044	-0.3520625
5.045	0.4613125
5.046	0.920875
5.047	0.8231875
5.048	0.9874375
5.049	0.721625
5.05	-0.0019375
5.051	-0.828625
5.052	-0.762125
5.053	-0.343625
5.054	-0.516
5.055	-0.7705625
5.056	-0.975
5.057	-0.1424375
5.058	0.47475
5.059	-0.2853125
5.06	-0.8544375
5.061	-0.1335
5.062	0.6556875
5.063	0.18225
5.064	-0.2658125
5.065	-0.029625
5.066	0.041
5.067	-0.07725
5.068	-0.0213125
5.069	-0.0204375
5.07	-0.204375
5.071	-0.1518125
5.072	-0.26025
5.073	-0.5134375
5.074	-0.7499375
5.075	-0.7755625
5.076	-0.5280625
5.077	-0.347375
5.078	-0.3399375
5.079	-0.3494375
5.08	0.5075
5.081	0.96125
5.082	0.560875
5.083	0.0120625
5.084	-0.092125
5.085	0.28175
5.086	0.207625
5.087	-0.2725
5.088	-0.9754375
5.089	-0.951125
5.09	-0.2755625
5.091	-0.4755
5.092	-0.6828125
5.093	-0.3348125
5.094	-0.3661875
5.095	-0.089375
5.096	0.5504375
5.097	0.693625
5.098	0.2179375
5.099	-0.199375
5.1	-0.549125
5.101	-0.8296875
5.102	-0.6285
5.103	-0.5418125
5.104	-0.159625
5.105	0.514
5.106	0.577
5.107	0.27975
5.108	-0.1520625
5.109	-0.5744375
5.11	-0.9188125
5.111	-0.7421875
5.112	-0.588625
5.113	-0.7251875
5.114	-0.68075
5.115	-0.8883125
5.116	-0.0380625
5.117	0.7736875
5.118	1.323
5.119	1.580813
5.12	0.185375
5.121	-0.443875
5.122	-0.4559375
5.123	-0.103875
5.124	0.6229375
5.125	0.75375
5.126	-0.0594375
5.127	-1.0085
5.128	-0.6135
5.129	-0.9355
5.13	-1.244438
5.131	-1.160187
5.132	-1.64725
5.133	-0.9524375
5.134	0.013125
5.135	0.729625
5.136	0.4980625
5.137	0.236375
5.138	1.403875
5.139	1.411063
5.14	-0.0273125
5.141	-0.93525
5.142	-0.6688125
5.143	-0.0865
5.144	0.4286875
5.145	0.3975625
5.146	-0.244
5.147	-0.638
5.148	-0.7965
5.149	-0.5378125
5.15	-0.1460625
5.151	0.069375
5.152	0.198125
5.153	-0.10575
5.154	-0.651
5.155	-0.616375
5.156	-0.38875
5.157	-0.806625
5.158	-0.88175
5.159	-0.46925
5.16	-0.3466875
5.161	0.0085625
5.162	0.29875
5.163	0.1978125
5.164	0.338875
5.165	0.2734375
5.166	0.22025
5.167	-0.0179375
5.168	-0.1345
5.169	-0.7354375
5.17	-1.119563
5.171	0.3125
5.172	0.1099375
5.173	-0.5566875
5.174	0.4025625
5.175	0.97275
5.176	0.6029375
5.177	0.2234375
5.178	-0.2421875
5.179	-0.95225
5.18	-1.307938
5.181	-0.754625
5.182	0.0614375
5.183	-0.1596875
5.184	-0.36575
5.185	-0.427
5.186	-0.3953125
5.187	0.07025
5.188	0.10575
5.189	-0.9445
5.19	-1.01525
5.191	-0.10125
5.192	-0.2245
5.193	-0.1640625
5.194	-0.184125
5.195	-0.29425
5.196	0.175875
5.197	0.3609375
5.198	0.1153125
5.199	0.6741875
5.2	1.191688
5.201	0.65225
5.202	0.1349375
5.203	-0.005625
5.204	-0.5063125
5.205	-0.7865
5.206	-0.3425625
5.207	-0.2805625
5.208	-0.71875
5.209	-0.9478125
5.21	-0.3065
5.211	-0.1760625
5.212	-1.194563
5.213	-0.9390625
5.214	-0.4000625
5.215	-0.3975625
5.216	-0.02125
5.217	-0.0201875
5.218	0.026625
5.219	0.269375
5.22	0.0858125
5.221	0.1460625
5.222	0.3229375
5.223	-0.21025
5.224	-1.076938
5.225	-1.033187
5.226	0.0649375
5.227	1.072938
5.228	0.8833125
5.229	0.719
5.23	1.141438
5.231	0.3510625
5.232	-0.9499375
5.233	-1.387813
5.234	-0.7306875
5.235	0.0893125
5.236	0.41575
5.237	0.1365625
5.238	-0.7600625
5.239	-1.0485
5.24	-0.9713125
5.241	-0.60775
5.242	-0.0914375
5.243	0.05325
5.244	0.553125
5.245	1.072625
5.246	0.3145
5.247	-0.9385
5.248	-1.156688
5.249	-0.393
5.25	0.1685
5.251	0.1213125
5.252	0.1284375
5.253	0.4059375
5.254	0.5043125
5.255	-0.070125
5.256	-0.851625
5.257	-1.448563
5.258	-1.6075
5.259	-1.10975
5.26	-0.4983125
5.261	0.0041875
5.262	0.5313125
5.263	0.557625
5.264	1.031375
5.265	1.453188
5.266	0.3194375
5.267	0.21775
5.268	0.75525
5.269	0.0336875
5.27	-0.693625
5.271	-1.224375
5.272	-1.165688
5.273	-0.7675625
5.274	-0.81025
5.275	-1.293313
5.276	-1.446625
5.277	-1.57775
5.278	-0.5800625
5.279	1.27225
5.28	1.487125
5.281	1.066938
5.282	0.869375
5.283	0.7145625
5.284	-0.1928125
5.285	-0.7249375
5.286	-0.6106875
5.287	-0.8685625
5.288	-0.984625
5.289	-0.081875
5.29	0.627875
5.291	-0.043625
5.292	0.1423125
5.293	0.4573125
5.294	0.01925
5.295	-0.7273125
5.296	-1.108875
5.297	-0.610125
5.298	-0.153625
5.299	0.4713125
5.3	0.156125
5.301	-0.8125
5.302	-0.5324375
5.303	0.545375
5.304	1.070313
5.305	0.5615
5.306	-0.15
5.307	-0.742375
5.308	-0.299625
5.309	0.609625
5.31	-0.1416875
5.311	-0.5349375
5.312	-0.403875
5.313	-0.95775
5.314	-0.8215625
5.315	-0.652375
5.316	-0.62125
5.317	-0.34425
5.318	-0.3536875
5.319	-0.3596875
5.32	-1.065688
5.321	-1.398375
5.322	0.012375
5.323	1.170563
5.324	1.279625
5.325	0.8648125
5.326	0.4713125
5.327	0.4456875
5.328	0.07225
5.329	-0.442
5.33	-0.3268125
5.331	-0.1898125
5.332	-0.45375
5.333	-0.7640625
5.334	-0.8015625
5.335	-0.6804375
5.336	-0.459875
5.337	-0.2346875
5.338	-0.536875
5.339	-0.4206875
5.34	0.47925
5.341	1.166688
5.342	1.290313
5.343	0.688875
5.344	-0.0263125
5.345	-0.8909375
5.346	-0.4723125
5.347	0.138875
5.348	-0.770625
5.349	-0.782875
5.35	-0.4346875
5.351	-0.6473125
5.352	-0.65825
5.353	-0.7491875
5.354	-1.189875
5.355	-1.097938
5.356	-0.0081875
5.357	1.314
5.358	1.992312
5.359	1.845875
5.36	1.101063
5.361	0.4354375
5.362	0.6206875
5.363	0.053125
5.364	-1.299187
5.365	-1.323125
5.366	-1.265688
5.367	-1.027
5.368	-0.41325
5.369	-0.268625
5.37	-0.0996875
5.371	-0.3746875
5.372	-0.4729375
5.373	-0.389875
5.374	-0.81925
5.375	-0.8700625
5.376	-0.7404375
5.377	-0.1198125
5.378	0.4495625
5.379	-0.1221875
5.38	-0.425125
5.381	-0.0361875
5.382	0.221625
5.383	-0.034375
5.384	-0.3314375
5.385	-0.086375
5.386	0.7906875
5.387	1.3205
5.388	0.5405
5.389	-0.3858125
5.39	-0.0175625
5.391	-0.0158125
5.392	-0.131125
5.393	-0.219125
5.394	-0.7306875
5.395	-0.2684375
5.396	-0.201125
5.397	-0.5045
5.398	-1.28875
5.399	-1.480438
5.4	-0.6813125
5.401	-0.1081875
5.402	1.0845
5.403	1.723313
5.404	1.563625
5.405	1.310563
5.406	0.7133125
5.407	-0.230875
5.408	-1.109438
5.409	-1.09325
5.41	-0.60475
5.411	-0.5104375
5.412	-0.7393125
5.413	-0.877625
5.414	-1.042875
5.415	-0.9354375
5.416	-0.355875
5.417	0.1654375
5.418	0.2723125
5.419	0.0824375
5.42	-0.2739375
5.421	-0.102375
5.422	0.417875
5.423	0.3651875
5.424	-0.1315625
5.425	-0.9345
5.426	-0.9751875
5.427	-0.6268125
5.428	-0.6586875
5.429	-0.66675
5.43	-0.14525
5.431	0.6379375
5.432	1.021937
5.433	1.357875
5.434	0.50775
5.435	-0.3530625
5.436	0.5595
5.437	0.7653125
5.438	-0.3696875
5.439	-0.9789375
5.44	-1.185938
5.441	-1.021438
5.442	-0.5789375
5.443	-0.4656875
5.444	-0.137625
5.445	-0.1484375
5.446	0.25025
5.447	0.84225
5.448	0.767
5.449	0.686625
5.45	-0.059625
5.451	-0.650625
5.452	-0.8268125
5.453	-0.7861875
5.454	-0.59375
5.455	-0.562375
5.456	-0.322375
5.457	-0.130625
5.458	0.063625
5.459	-0.3099375
5.46	-0.4259375
5.461	0.657875
5.462	0.53825
5.463	-0.4141875
5.464	-0.7203125
5.465	-1.045875
5.466	-0.7479375
5.467	-0.271875
5.468	-0.504
5.469	-0.6725
5.47	-0.5370625
5.471	-0.44
5.472	0.528875
5.473	1.025688
5.474	0.7929375
5.475	1.683812
5.476	1.682187
5.477	0.4085
5.478	-0.6180625
5.479	-1.1475
5.48	-1.02375
5.481	-0.9191875
5.482	-0.8738125
5.483	-0.75575
5.484	-0.340875
5.485	0.36575
5.486	0.6834375
5.487	0.3808125
5.488	0.103
5.489	0.2698125
5.49	0.018125
5.491	-0.2445625
5.492	-0.4754375
5.493	-0.584375
5.494	-0.3750625
5.495	-1.042688
5.496	-1.487688
5.497	-1.05025
5.498	-0.2659375
5.499	0.443875
5.5	0.4025
5.501	0.240375
5.502	0.06375
5.503	0.077
5.504	0.53675
5.505	0.1975
5.506	-0.015
5.507	0.3601875
5.508	0.187
5.509	-0.176875
5.51	-0.4526875
5.511	-0.426
5.512	-0.142875
5.513	-0.0058125
5.514	-0.1495
5.515	0.1264375
5.516	0.271
5.517	0.256125
5.518	0.5960625
5.519	0.306625
5.52	-0.37875
5.521	-1.066125
5.522	-1.072062
5.523	-0.4519375
5.524	-0.0578125
5.525	0.04725
5.526	0.1820625
5.527	-0.0094375
5.528	-0.082125
5.529	-0.1175
5.53	-0.671125
5.531	-1.05575
5.532	-1.013875
5.533	-0.4663125
5.534	-0.3063125
5.535	-0.9499375
5.536	-0.7888125
5.537	0.6094375
5.538	1.370937
5.539	1.457437
5.54	0.5558125
5.541	-0.1783125
5.542	-0.0875625
5.543	-1.112
5.544	-1.33225
5.545	-0.4010625
5.546	-0.009
5.547	0.224125
5.548	0.2115625
5.549	-0.2684375
5.55	-0.09675
5.551	0.57375
5.552	0.871875
5.553	0.7159375
5.554	-0.201125
5.555	-0.791125
5.556	-0.6429375
5.557	-0.477125
5.558	-0.283625
5.559	-0.2595
5.56	-0.33525
5.561	-0.465875
5.562	-0.32275
5.563	-0.0923125
5.564	-0.0921875
5.565	-0.0935625
5.566	-0.126625
5.567	-0.017125
5.568	-0.2001875
5.569	-0.3529375
5.57	0.36575
5.571	0.40075
5.572	-0.837875
5.573	-1.249063
5.574	-1.06575
5.575	-0.709375
5.576	-0.0521875
5.577	0.2943125
5.578	0.9110625
5.579	0.852625
5.58	0.6835
5.581	0.9776875
5.582	0.4715625
5.583	0.3684375
5.584	0.07475
5.585	-0.94
5.586	-0.4413125
5.587	0.3560625
5.588	0.137875
5.589	-0.3298125
5.59	-0.8025625
5.591	-0.8251875
5.592	-0.56025
5.593	-0.2803125
5.594	-0.1216875
5.595	-0.3758125
5.596	-0.4663125
5.597	-0.824
5.598	-0.5366875
5.599	0.6009375
5.6	0.7330625
5.601	0.93575
5.602	0.6079375
5.603	0.120125
5.604	0.35375
5.605	-0.6395
5.606	-0.5128125
5.607	0.2991875
5.608	-0.16575
5.609	-0.4450625
5.61	-0.2839375
5.611	-0.224375
5.612	-0.10125
5.613	0.1020625
5.614	-0.34675
5.615	-0.972875
5.616	-0.9043125
5.617	-0.1500625
5.618	0.043375
5.619	-0.049625
5.62	-0.002
5.621	0.10275
5.622	0.2175
5.623	-0.269625
5.624	-0.5425625
5.625	-0.3875
5.626	-0.0460625
5.627	0.17875
5.628	0.0015
5.629	-0.180125
5.63	-0.6923125
5.631	-0.948875
5.632	-0.6226875
5.633	-0.1734375
5.634	0.4595625
5.635	0.721125
5.636	0.411
5.637	0.1371875
5.638	0.2239375
5.639	0.19625
5.64	-0.200625
5.641	-0.42975
5.642	-0.3915
5.643	-0.83925
5.644	-1.020063
5.645	0.047375
5.646	1.316
5.647	1.1305
5.648	0.0599375
5.649	0.1445
5.65	0.546
5.651	0.0365625
5.652	-0.516
5.653	-0.789875
5.654	-0.2626875
5.655	0.3161875
5.656	0.1431875
5.657	0.4608125
5.658	0.2845
5.659	-0.793
5.66	-1.08975
5.661	-0.9828125
5.662	-0.9589375
5.663	-0.6409375
5.664	-0.9640625
5.665	-0.5871875
5.666	1.354938
5.667	NaN
5.668	1.705688
5.669	0.8241875
5.67	-0.167375
5.671	-0.957
5.672	-1.096625
5.673	-1.081125
5.674	-1.139875
5.675	-1.186063
5.676	-1.126375
5.677	-0.8273125
5.678	-0.415
5.679	-0.486
5.68	-0.8385625
5.681	-0.695625
5.682	-0.58925
5.683	-0.7555
5.684	-0.85175
5.685	-0.884375
5.686	-0.94475
5.687	-0.863625
5.688	-0.9036875
5.689	-0.7475625
5.69	-0.6446875
5.691	-0.0298125
5.692	0.6055
5.693	0.5155
5.694	0.6045625
5.695	0.3168125
5.696	0.0124375
5.697	-0.2555625
5.698	-0.4303125
5.699	-0.42375
5.7	-0.5973125
5.701	-0.6351875
5.702	-0.4174375
5.703	-0.202875
5.704	1.214813
5.705	NaN
5.706	0.4958125
5.707	-0.65225
5.708	-0.9766875
5.709	-1.62975
5.71	NaN
5.711	-2.00175
5.712	-0.713625
5.713	0.3065625
5.714	0.3395
5.715	0.55425
5.716	0.46525
5.717	0.0249375
5.718	-0.5593125
5.719	-0.889625
5.72	-1.092125
5.721	-0.93
5.722	-0.462625
5.723	-0.009625
5.724	0.4709375
5.725	0.5775625
5.726	0.1603125
5.727	-0.1739375
5.728	-0.393625
5.729	-1.05175
5.73	-1.749813
5.731	-1.771813
5.732	-0.5985625
5.733	0.3499375
5.734	-0.1800625
5.735	0.2836875
5.736	1.337813
5.737	1.051
5.738	0.291125
5.739	-0.414875
5.74	-0.9361875
5.741	-1.17775
5.742	-1.197313
5.743	-1.423313
5.744	-1.388438
5.745	-0.91875
5.746	-0.13525
5.747	0.6710625
5.748	0.25525
5.749	0.1094375
5.75	0.38175
5.751	-0.3349375
5.752	-0.3945625
5.753	-0.1535
5.754	-0.5808125
5.755	-0.737625
5.756	-0.656375
5.757	-0.429375
5.758	-0.3525625
5.759	-0.843
5.76	-1.1125
5.761	-0.9008125
5.762	-0.2061875
5.763	0.260625
5.764	0.4148125
5.765	0.1978125
5.766	0.07925
5.767	0.908
5.768	0.4091875
5.769	-0.1950625
5.77	0.261625
5.771	0.141625
5.772	-0.4843125
5.773	-0.855125
5.774	-0.8000625
5.775	-0.977375
5.776	-1.0605
5.777	-1.179313
5.778	-0.6405625
5.779	0.7623125
5.78	1.1605
5.781	0.8004375
5.782	0.220375
5.783	-0.488875
5.784	-0.3925625
5.785	-0.525375
5.786	-0.950375
5.787	-1.258813
5.788	-1.600938
5.789	-1.294438
5.79	-0.504375
5.791	0.4208125
5.792	0.771125
5.793	0.4489375
5.794	0.6940625
5.795	0.6814375
5.796	-0.1445625
5.797	-0.121
5.798	-0.338625
5.799	-0.9634375
5.8	-1.358875
5.801	-1.766688
5.802	-0.8424375
5.803	0.716875
5.804	1.286
5.805	0.3923125
5.806	-0.5570625
5.807	-0.473375
5.808	-0.2105
5.809	-0.2895625
5.81	-0.619125
5.811	-0.5626875
5.812	-0.4138125
5.813	-0.0553125
5.814	0.270375
5.815	0.31575
5.816	-0.0160625
5.817	-0.748875
5.818	-0.80725
5.819	-0.6330625
5.82	-0.7395625
5.821	-0.8831875
5.822	-0.77325
5.823	-0.695625
5.824	-1.025125
5.825	-0.887
5.826	-0.8169375
5.827	0.20325
5.828	1.9875
5.829	1.64175
5.83	0.0341875
5.831	-0.3145
5.832	0.4956875
5.833	0.7070625
5.834	0.025125
5.835	-0.586625
5.836	-0.5644375
5.837	-0.8318125
5.838	-1.083875
5.839	-0.9204375
5.84	-0.4395625
5.841	-0.1351875
5.842	-0.037
5.843	-0.0138125
5.844	-0.38475
5.845	-0.1568125
5.846	0.1219375
5.847	-0.091875
5.848	0.0170625
5.849	-0.093
5.85	-0.637375
5.851	-0.6816875
5.852	-0.61025
5.853	-0.9794375
5.854	-1.289562
5.855	-0.9446875
5.856	-0.6134375
5.857	-0.40225
5.858	0.341
5.859	0.9265
5.86	0.881
5.861	0.1555
5.862	-0.1150625
5.863	-0.36175
5.864	-0.3413125
5.865	-0.0025625
5.866	-0.53025
5.867	-0.35675
5.868	0.5284375
5.869	0.7189375
5.87	0.447625
5.871	0.77425
5.872	0.412
5.873	-0.4558125
5.874	-1.011937
5.875	-1.274875
5.876	-0.965875
5.877	-0.9970625
5.878	-1.025875
5.879	-0.100375
5.88	0.2129375
5.881	-0.309
5.882	-0.036875
5.883	0.073
5.884	-0.0218125
5.885	0.239625
5.886	0.4845
5.887	0.191875
5.888	-0.1421875
5.889	-0.3735625
5.89	-0.759125
5.891	-0.852375
5.892	-0.6761875
5.893	0.6576875
5.894	1.072875
5.895	-0.056625
5.896	-0.4335
5.897	-0.297375
5.898	0.3903125
5.899	0.4604375
5.9	-0.081375
5.901	-0.6405
5.902	-1.264813
5.903	-1.06275
5.904	-0.8586875
5.905	-0.8721875
5.906	-0.822
5.907	-0.7853125
5.908	-0.52325
5.909	-0.300875
5.91	-0.1323125
5.911	0.2305
5.912	0.3514375
5.913	0.46525
5.914	0.52275
5.915	0.58475
5.916	0.536875
5.917	0.3689375
5.918	-0.180875
5.919	-1.472938
5.92	-1.110063
5.921	-0.12475
5.922	-0.123125
5.923	-0.26175
5.924	-0.5539375
5.925	-0.581
5.926	-0.493625
5.927	-0.4791875
5.928	-0.5275
5.929	-0.3605625
5.93	0.160375
5.931	0.51025
5.932	0.5578125
5.933	0.547375
5.934	0.8055625
5.935	0.7328125
5.936	-0.3055
5.937	-0.8099375
5.938	-0.5765625
5.939	-0.826875
5.94	-1.267813
5.941	-1.355188
5.942	-0.5633125
5.943	0.01675
5.944	-0.0280625
5.945	0.45375
5.946	1.036125
5.947	1.36475
5.948	1.083875
5.949	0.0474375
5.95	-0.417
5.951	-0.639375
5.952	-0.745375
5.953	-0.52125
5.954	-0.4975625
5.955	-0.283125
5.956	0.001625
5.957	-0.050125
5.958	-0.4233125
5.959	-0.7695625
5.96	-0.8091875
5.961	0.031
5.962	0.2279375
5.963	-0.6105625
5.964	-0.806375
5.965	-0.78625
5.966	-0.5553125
5.967	-0.2035625
5.968	-0.3094375
5.969	-0.355
5.97	0.3958125
5.971	1.27475
5.972	1.322375
5.973	0.747375
5.974	0.16325
5.975	0.66575
5.976	1.09475
5.977	0.478
5.978	-0.3554375
5.979	-0.7608125
5.98	-0.9504375
5.981	-1.404938
5.982	-1.313063
5.983	-0.82575
5.984	-0.6776875
5.985	-0.4750625
5.986	-0.3616875
5.987	-0.5373125
5.988	-0.2909375
5.989	-0.0335
5.99	0.0044375
5.991	0.0283125
5.992	-0.04325
5.993	-0.1539375
5.994	-0.2986875
5.995	-0.1516875
5.996	-0.1645625
5.997	-0.0740625
5.998	-0.1145
5.999	-1.51325
6	-1.55775
6.001	-0.0080625
6.002	0.2586875
6.003	0.3120625
6.004	0.4954375
6.005	0.744875
6.006	1.70075
6.007	NaN
6.008	1.720625
6.009	0.4114375
6.01	-0.8496875
6.011	-1.076625
6.012	-0.9936875
6.013	-1.011813
6.014	-0.802375
6.015	-0.633375
6.016	-0.5988125
6.017	-0.6619375
6.018	-0.7141875
6.019	-0.4898125
6.02	-0.0745
6.021	0.4806875
6.022	0.2549375
6.023	-0.3249375
6.024	-0.475875
6.025	-0.584125
6.026	-0.1843125
6.027	-0.0015
6.028	0.25775
6.029	0.7005625
6.03	0.51425
6.031	0.039
6.032	-0.4373125
6.033	-0.444125
6.034	-0.44425
6.035	-0.5491875
6.036	-0.597625
6.037	-1.071125
6.038	-1.375188
6.039	-0.756375
6.04	0.593
6.041	0.5793125
6.042	-0.5935
6.043	0.326125
6.044	1.526375
6.045	0.80475
6.046	-0.1425
6.047	-0.828
6.048	-1.174313
6.049	-0.6115
6.05	-0.1980625
6.051	0.2171875
6.052	1.353813
6.053	1.866625
6.054	0.497
6.055	-0.1745
6.056	0.2009375
6.057	-0.92675
6.058	-1.537375
6.059	-1.450875
6.06	-1.28475
6.061	-0.2065
6.062	0.103
6.063	0.3788125
6.064	0.6660625
6.065	0.2669375
6.066	0.3991875
6.067	-0.0535
6.068	-0.60525
6.069	-0.5695625
6.07	-0.6823125
6.071	-0.836875
6.072	-0.5718125
6.073	-0.311
6.074	-0.1581875
6.075	0.081125
6.076	-0.4781875
6.077	-0.6461875
6.078	-0.088375
6.079	0.3739375
6.08	0.5815
6.081	0.4228125
6.082	0.3691875
6.083	0.0245
6.084	-0.491875
6.085	-0.5839375
6.086	-0.5765
6.087	-0.6800625
6.088	-0.5409375
6.089	-0.7055625
6.09	-1.011937
6.091	-0.7469375
6.092	0.0993125
6.093	1.019625
6.094	1.869
6.095	1.155125
6.096	-0.4939375
6.097	0.4876875
6.098	1.034313
6.099	0.232375
6.1	-0.0198125
6.101	-0.499375
6.102	-0.7749375
6.103	-0.71225
6.104	-0.652875
6.105	-0.303375
6.106	0.0213125
6.107	-0.17925
6.108	0.3201875
6.109	0.243375
6.11	-0.4505
6.111	-0.2944375
6.112	-0.205125
6.113	-0.250375
6.114	-0.2113125
6.115	-0.419625
6.116	-0.9795625
6.117	-1.127063
6.118	-0.7583125
6.119	-0.1866875
6.12	0.2524375
6.121	0.5323125
6.122	0.73
6.123	0.508125
6.124	0.049375
6.125	-0.0545625
6.126	-0.223
6.127	-0.496625
6.128	-0.4615
6.129	-0.6195
6.13	-1.049187
6.131	-1.240875
6.132	-1.096625
6.133	-0.2888125
6.134	0.2493125
6.135	0.442125
6.136	0.71775
6.137	0.7606875
6.138	1.70325
6.139	1.832625
6.14	0.48225
6.141	-0.05575
6.142	-0.160375
6.143	-0.3426875
6.144	-0.219375
6.145	-0.1033125
6.146	-0.0794375
6.147	-0.6365
6.148	-1.153375
6.149	-0.6205
6.15	-0.199125
6.151	-1.060188
6.152	-1.398813
6.153	-0.1028125
6.154	0.87475
6.155	1.301688
6.156	1.512438
6.157	1.387
6.158	1.012
6.159	0.106625
6.16	-0.863
6.161	-1.281187
6.162	-1.573063
6.163	-1.011937
6.164	0.259625
6.165	0.1295
6.166	-0.622
6.167	-0.4601875
6.168	0.0665
6.169	0.3191875
6.17	-0.2805625
6.171	-0.4858125
6.172	-0.1635625
6.173	-0.5623125
6.174	-0.7319375
6.175	-0.44225
6.176	-0.27725
6.177	-0.235
6.178	0.0761875
6.179	0.231125
6.18	0.0459375
6.181	-0.1479375
6.182	-0.381375
6.183	-0.26025
6.184	0.00375
6.185	0.0763125
6.186	0.2815
6.187	0.1820625
6.188	-0.2911875
6.189	0.072875
6.19	0.710375
6.191	0.2905625
6.192	-0.2030625
6.193	0.148
6.194	0.587375
6.195	0.242625
6.196	-0.3485625
6.197	-0.086125
6.198	-0.107125
6.199	-0.421
6.2	0.4365
6.201	1.002063
6.202	0.413
6.203	-0.376375
6.204	-1.1995
6.205	-1.4355
6.206	-0.6510625
6.207	-0.399
6.208	-0.2778125
6.209	0.0878125
6.21	-0.0385625
6.211	0.054875
6.212	0.247875
6.213	0.1730625
6.214	-0.0210625
6.215	-0.0051875
6.216	0.3054375
6.217	0.3719375
6.218	0.002875
6.219	0.0514375
6.22	0.29075
6.221	0.2716875
6.222	0.446375
6.223	-0.124625
6.224	-1.129312
6.225	-1.469875
6.226	-1.048375
6.227	-0.151625
6.228	0.387375
6.229	-0.6645625
6.23	-0.773
6.231	0.7489375
6.232	1.059
6.233	0.84775
6.234	0.417875
6.235	-0.430625
6.236	-0.68325
6.237	-0.47475
6.238	0.0158125
6.239	1.043875
6.24	1.536375
6.241	0.900125
6.242	-0.0669375
6.243	-0.5714375
6.244	-0.6276875
6.245	-0.6286875
6.246	-0.860875
6.247	-0.7985625
6.248	-0.322875
6.249	0.034375
6.25	0.13325
6.251	-0.6221875
6.252	-1.0775
6.253	-0.70775
6.254	-0.4271875
6.255	-0.0325625
6.256	0.438375
6.257	0.568875
6.258	0.056875
6.259	-0.2029375
6.26	0.658875
6.261	1.395063
6.262	0.6815
6.263	-0.3873125
6.264	-0.1883125
6.265	-0.171125
6.266	-0.59875
6.267	-0.4660625
6.268	-0.75225
6.269	-0.9741875
6.27	-0.2089375
6.271	0.5685625
6.272	0.128125
6.273	-0.380375
6.274	-0.196
6.275	0.0285
6.276	1.110375
6.277	1.159688
6.278	0.2988125
6.279	-0.1223125
6.28	-0.9774375
6.281	-1.312938
6.282	-0.808
6.283	0.2801875
6.284	1.196625
6.285	1.108438
6.286	0.683375
6.287	0.62075
6.288	0.04575
6.289	-0.5656875
6.29	-0.8573125
6.291	-1.066
6.292	-0.8311875
6.293	-0.721125
6.294	-0.5475625
6.295	0.002125
6.296	0.4964375
6.297	-0.0515
6.298	-0.491
6.299	-0.2751875
6.3	-0.5955
6.301	-0.1689375
6.302	-0.254875
6.303	-0.768625
6.304	0.215625
6.305	0.6255
6.306	0.1628125
6.307	0.0221875
6.308	0.1774375
6.309	0.2700625
6.31	-0.13975
6.311	-0.1828125
6.312	0.1155625
6.313	0.1926875
6.314	0.3579375
6.315	0.1205625
6.316	-0.1859375
6.317	-0.3078125
6.318	0.0405625
6.319	0.2348125
6.32	-0.3914375
6.321	-0.5649375
6.322	-0.9478125
6.323	-0.7850625
6.324	0.6490625
6.325	0.818875
6.326	0.390875
6.327	0.55975
6.328	0.0725
6.329	0.090375
6.33	0.6133125
6.331	0.28425
6.332	-0.085125
6.333	-0.3066875
6.334	-0.7473125
6.335	-0.8843125
6.336	-0.0531875
6.337	0.9481875
6.338	1.10725
6.339	0.6165625
6.34	-0.06
6.341	-0.099375
6.342	-0.40925
6.343	-1.039688
6.344	-0.663875
6.345	-0.6845625
6.346	-1.150875
6.347	-0.6345
6.348	-0.1304375
6.349	0.047875
6.35	0.1
6.351	0.046
6.352	0.2549375
6.353	0.2915625
6.354	0.1089375
6.355	-0.458
6.356	-0.7680625
6.357	-0.4895625
6.358	-0.0584375
6.359	0.687
6.36	0.7956875
6.361	-0.057625
6.362	-0.2471875
6.363	0.034875
6.364	-0.29125
6.365	-0.574875
6.366	-0.9295625
6.367	-1.107563
6.368	0.0750625
6.369	1.554313
6.37	NaN
6.371	1.345687
6.372	0.6310625
6.373	1.06075
6.374	1.188375
6.375	0.05875
6.376	-1.099625
6.377	-1.186
6.378	-1.005188
6.379	-1.587
6.38	-1.844438
6.381	-1.2915
6.382	-0.7241875
6.383	-0.157875
6.384	0.1300625
6.385	0.513125
6.386	1.525188
6.387	1.957563
6.388	0.8404375
6.389	-0.206125
6.39	-0.061375
6.391	0.0189375
6.392	-0.205375
6.393	-0.2943125
6.394	-0.7364375
6.395	-0.9934375
6.396	-0.8340625
6.397	-0.875375
6.398	-0.56475
6.399	0.1006875
6.4	0.9929375
6.401	1.349063
6.402	0.3566875
6.403	-0.3414375
6.404	-0.426875
6.405	-0.56325
6.406	-0.806
6.407	-0.9176875
6.408	-0.872375
6.409	-0.867125
6.41	-0.5725
6.411	-0.0825625
6.412	0.465625
6.413	1.078688
6.414	0.9130625
6.415	0.901
6.416	1.149125
6.417	0.274625
6.418	-0.0669375
6.419	-0.1675
6.42	0.0025
6.421	0.0003125
6.422	-0.8038125
6.423	-0.15075
6.424	0.523125
6.425	0.218
6.426	-0.1270625
6.427	-0.87525
6.428	-1.086813
6.429	-1.011813
6.43	-0.7668125
6.431	0.2158125
6.432	-0.0803125
6.433	0.75
6.434	1.493813
6.435	-0.260625
6.436	0.01325
6.437	0.351
6.438	-0.3165
6.439	-0.060375
6.44	-0.2285625
6.441	-0.498125
6.442	-0.3565625
6.443	0.0226875
6.444	0.528125
6.445	0.5375625
6.446	0.1865625
6.447	0.2504375
6.448	0.0539375
6.449	-0.28975
6.45	-0.391
6.451	-0.75525
6.452	-0.6423125
6.453	-0.5415
6.454	-0.532
6.455	-0.218
6.456	0.337
6.457	0.6699375
6.458	0.8224375
6.459	0.929875
6.46	0.265625
6.461	-0.3594375
6.462	-0.5719375
6.463	-0.36125
6.464	0.002375
6.465	0.1376875
6.466	0.193625
6.467	-0.112
6.468	0.358125
6.469	1.166938
6.47	0.890875
6.471	0.196375
6.472	-0.3535625
6.473	-0.87375
6.474	-1.307063
6.475	-1.220313
6.476	-0.9875
6.477	-0.6765
6.478	-0.5751875
6.479	-0.1906875
6.48	0.37025
6.481	0.34825
6.482	-0.03975
6.483	-0.5588125
6.484	0.0305
6.485	0.807
6.486	0.4411875
6.487	0.02325
6.488	-0.1523125
6.489	-0.4321875
6.49	-0.264875
6.491	0.213
6.492	0.432125
6.493	0.6939375
6.494	0.950125
6.495	1.000438
6.496	0.8014375
6.497	0.106625
6.498	-0.359
6.499	-0.3025625
6.5	-0.42825
6.501	-0.2463125
6.502	-0.6855
6.503	-1.63475
6.504	-1.081938
6.505	0.130875
6.506	0.845875
6.507	0.2981875
6.508	-0.5148125
6.509	-0.150375
6.51	0.3553125
6.511	0.471375
6.512	0.37875
6.513	0.109125
6.514	-0.2955
6.515	-0.4223125
6.516	-0.4025
6.517	-0.67975
6.518	-0.796625
6.519	-0.753875
6.52	-0.6539375
6.521	-0.2479375
6.522	0.0818125
6.523	0.3829375
6.524	0.6455625
6.525	0.5274375
6.526	0.569625
6.527	1.03425
6.528	1.146562
6.529	0.3714375
6.53	-0.5631875
6.531	-0.7148125
6.532	-0.3574375
6.533	-0.4156875
6.534	-0.9545625
6.535	-1.322188
6.536	-0.5985625
6.537	0.3283125
6.538	0.319875
6.539	1.014375
6.54	1.966563
6.541	1.113563
6.542	-0.1269375
6.543	-0.233625
6.544	-0.144125
6.545	-0.4989375
6.546	-0.8515625
6.547	-0.9956875
6.548	-0.8876875
6.549	-0.7429375
6.55	-0.706875
6.551	-0.405125
6.552	0.0411875
6.553	-0.12725
6.554	0.2754375
6.555	1.209437
6.556	1.096813
6.557	0.1409375
6.558	-0.437875
6.559	-0.2005
6.56	-0.281875
6.561	-0.315875
6.562	0.1641875
6.563	0.4055625
6.564	0.441125
6.565	0.0236875
6.566	-0.370625
6.567	-0.2870625
6.568	-0.384375
6.569	-0.1723125
6.57	-0.120625
6.571	-0.480875
6.572	-0.5101875
6.573	-0.5121875
6.574	-0.4793125
6.575	-0.5905
6.576	-0.63775
6.577	-0.1958125
6.578	0.2311875
6.579	0.5406875
6.58	1.28725
6.581	1.448188
6.582	-0.0865625
6.583	0.0316875
6.584	1.009937
6.585	0.306625
6.586	0.126875
6.587	-0.063625
6.588	-0.16725
6.589	0.078
6.59	0.12575
6.591	0.2434375
6.592	-0.102
6.593	-0.3484375
6.594	0.297
6.595	0.129375
6.596	-0.565
6.597	-0.7065
6.598	-0.5985
6.599	-0.2299375
6.6	-0.221
6.601	-0.548375
6.602	-0.9111875
6.603	-0.6481875
6.604	-0.0184375
6.605	0.2653125
6.606	0.454375
6.607	0.6104375
6.608	0.2495
6.609	-0.2515625
6.61	-0.427875
6.611	-0.4505625
6.612	-0.26125
6.613	-0.305625
6.614	-0.7731875
6.615	-0.5951875
6.616	-0.0865625
6.617	-0.0119375
6.618	0.3343125
6.619	0.327125
6.62	0.3329375
6.621	0.2921875
6.622	0.2811875
6.623	0.885625
6.624	1.32625
6.625	0.837625
6.626	-0.3419375
6.627	0.2955625
6.628	0.814875
6.629	0.2073125
6.63	0.0295625
6.631	-0.4623125
6.632	-0.7065625
6.633	-1.087125
6.634	-1.252438
6.635	-0.547
6.636	-0.245875
6.637	-0.247
6.638	-0.4088125
6.639	-0.527625
6.64	-0.1676875
6.641	0.0275625
6.642	-0.2834375
6.643	-0.5408125
6.644	-0.669125
6.645	-0.7779375
6.646	-0.3989375
6.647	0.5206875
6.648	1.78725
6.649	1.870688
6.65	0.4036875
6.651	-0.0524375
6.652	0.27
6.653	-0.00675
6.654	-0.458875
6.655	-0.7725625
6.656	-0.579375
6.657	-0.556
6.658	-0.2348125
6.659	0.223375
6.66	0.348375
6.661	0.1945625
6.662	0.025125
6.663	0.489
6.664	0.2541875
6.665	-0.038
6.666	-0.242375
6.667	-0.566375
6.668	-0.6018125
6.669	-0.7651875
6.67	-0.2250625
6.671	0.32075
6.672	0.037375
6.673	0.533375
6.674	1.08275
6.675	0.6560625
6.676	-0.0535
6.677	-0.196
6.678	-0.0978125
6.679	-1.09325
6.68	-1.536875
6.681	-0.529625
6.682	0.430375
6.683	0.5688125
6.684	0.5010625
6.685	0.4484375
6.686	0.530375
6.687	0.6963125
6.688	-0.287375
6.689	-0.5805625
6.69	0.237375
6.691	0.3031875
6.692	-0.2158125
6.693	-0.922625
6.694	-0.9235625
6.695	-0.644625
6.696	-0.487875
6.697	0.1834375
6.698	0.424625
6.699	0.1244375
6.7	-0.1966875
6.701	-0.4928125
6.702	-0.73975
6.703	-0.6410625
6.704	0.1108125
6.705	0.775125
6.706	1.026563
6.707	0.248875
6.708	-0.446125
6.709	-0.1456875
6.71	-0.2850625
6.711	-0.4114375
6.712	-0.3275
6.713	-0.049375
6.714	0.7774375
6.715	0.478875
6.716	0.6629375
6.717	1.207938
6.718	-0.0766875
6.719	-0.716125
6.72	-0.719875
6.721	-0.749625
6.722	-0.5731875
6.723	-0.5884375
6.724	-0.7810625
6.725	-1.111
6.726	-1.062563
6.727	-0.750625
6.728	-0.0668125
6.729	0.53725
6.73	0.5065
6.731	0.417
6.732	0.423375
6.733	0.5348125
6.734	0.3423125
6.735	6.25e-005
6.736	-0.0196875
6.737	-0.090875
6.738	-0.3224375
6.739	0.0205625
6.74	0.296875
6.741	0.1919375
6.742	0.1685
6.743	-0.1541875
6.744	-0.123875
6.745	-0.0110625
6.746	-0.4100625
6.747	-0.55775
6.748	-0.2580625
6.749	-0.0524375
6.75	-0.21325
6.751	-0.42125
6.752	0.358875
6.753	1.423063
6.754	0.829125
6.755	-0.595625
6.756	-0.5333125
6.757	0.5195
6.758	0.22675
6.759	-0.385
6.76	-0.4258125
6.761	-0.2451875
6.762	-0.1195625
6.763	-0.3463125
6.764	-0.2499375
6.765	-0.77375
6.766	-1.10875
6.767	-0.522875
6.768	-0.3415
6.769	0.1038125
6.77	0.434625
6.771	0.1034375
6.772	0.6976875
6.773	1.880125
6.774	1.56575
6.775	1.312812
6.776	1.188875
6.777	-0.2565625
6.778	-1.213938
6.779	-1.393563
6.78	-1.143313
6.781	-0.3081875
6.782	-0.3413125
6.783	-1.470063
6.784	-1.970125
6.785	-1.931125
6.786	-0.457875
6.787	1.376563
6.788	0.9818125
6.789	-0.070375
6.79	0.5039375
6.791	1.192313
6.792	0.6049375
6.793	0.0231875
6.794	-0.01875
6.795	0.08675
6.796	-0.2488125
6.797	-0.4584375
6.798	-0.7465
6.799	-1.196875
6.8	-1.013875
6.801	-0.3010625
6.802	-0.063375
6.803	0.5255625
6.804	1.116125
6.805	0.57275
6.806	0.4244375
6.807	0.211875
6.808	-0.444125
6.809	-0.8914375
6.81	-1.038
6.811	-0.68825
6.812	-0.234125
6.813	-0.1579375
6.814	0.272625
6.815	0.6018125
6.816	0.26025
6.817	0.1045625
6.818	-0.43325
6.819	-0.8306875
6.82	-0.8335
6.821	-0.7826875
6.822	-0.5179375
6.823	-0.0314375
6.824	1.501438
6.825	2.01075
6.826	0.466625
6.827	0.0538125
6.828	1.025187
6.829	0.392875
6.83	-0.798375
6.831	-1.163188
6.832	-1.415188
6.833	-1.205563
6.834	-0.851
6.835	-0.330125
6.836	-0.0029375
6.837	0.3164375
6.838	0.1740625
6.839	-0.0576875
6.84	0.268125
6.841	-0.43075
6.842	-0.636875
6.843	0.05425
6.844	-0.36975
6.845	-0.837125
6.846	-0.347125
6.847	0.2505625
6.848	1.522625
6.849	1.94325
6.85	0.61875
6.851	0.1095625
6.852	0.5189375
6.853	0.3556875
6.854	-0.35325
6.855	-0.96725
6.856	-0.7696875
6.857	0.0255625
6.858	0.006625
6.859	-0.502625
6.86	-0.69325
6.861	-0.7075
6.862	-0.6144375
6.863	-0.579375
6.864	-0.6075
6.865	-0.42025
6.866	-0.341125
6.867	-0.4556875
6.868	-0.51425
6.869	-0.65225
6.87	-0.3255625
6.871	-0.14125
6.872	-0.569375
6.873	0.0615625
6.874	1.025625
6.875	1.242125
6.876	1.042313
6.877	0.2324375
6.878	-0.2205625
6.879	-0.2050625
6.88	-0.6553125
6.881	-0.8895625
6.882	-0.662875
6.883	-0.6470625
6.884	0.4964375
6.885	1.673375
6.886	0.8275625
6.887	-0.278875
6.888	-0.5384375
6.889	-0.4440625
6.89	-0.2523125
6.891	-0.3345
6.892	-0.6138125
6.893	-0.5745
6.894	-0.3568125
6.895	-0.2873125
6.896	-0.1656875
6.897	-0.197875
6.898	-0.195125
6.899	0.0639375
6.9	0.675
6.901	0.739375
6.902	0.15725
6.903	0.0666875
6.904	-0.0243125
6.905	0.4260625
6.906	0.6308125
6.907	-0.313875
6.908	-0.7854375
6.909	-0.855375
6.91	-1.197437
6.911	-1.300125
6.912	-0.5220625
6.913	0.2874375
6.914	0.1800625
6.915	0.387375
6.916	0.4176875
6.917	-0.38425
6.918	-0.958375
6.919	-0.1766875
6.92	1.358063
6.921	1.855687
6.922	1.094
6.923	-0.14675
6.924	-0.26625
6.925	-0.3531875
6.926	-1.145375
6.927	-0.9514375
6.928	-0.355375
6.929	-0.358375
6.93	-0.397375
6.931	-0.3850625
6.932	-0.288
6.933	-0.2054375
6.934	-0.1556875
6.935	0.218625
6.936	0.399125
6.937	0.1684375
6.938	-0.72725
6.939	-1.13275
6.94	-0.347625
6.941	-0.4534375
6.942	-1.275125
6.943	-0.7099375
6.944	0.076625
6.945	0.0485625
6.946	-0.1695625
6.947	-0.1443125
6.948	0.2751875
6.949	0.2356875
6.95	-0.1926875
6.951	-0.359625
6.952	-0.2041875
6.953	0.1324375
6.954	0.0970625
6.955	-0.093125
6.956	-0.06875
6.957	-0.0443125
6.958	0.056
6.959	-0.0560625
6.96	-0.558625
6.961	-0.7695625
6.962	-0.54525
6.963	-0.2963125
6.964	-0.1570625
6.965	-0.138625
6.966	-0.198625
6.967	-0.1055625
6.968	0.4236875
6.969	0.3638125
6.97	-0.0116875
6.971	-0.1554375
6.972	-0.6265625
6.973	-0.6773125
6.974	-0.167
6.975	0.0621875
6.976	0.2795625
6.977	0.468
6.978	0.2646875
6.979	0.1333125
6.98	-0.1891875
6.981	0.57225
6.982	0.853875
6.983	-0.1116875
6.984	0.2789375
6.985	0.2508125
6.986	-0.5794375
6.987	-1.14725
6.988	-1.237375
6.989	-0.65475
6.99	-0.125625
6.991	-0.001625
6.992	-0.7316875
6.993	-1.211625
6.994	-1.133125
6.995	-0.986
6.996	-0.1521875
6.997	0.9316875
6.998	0.913375
6.999	0.7015
7	0.9590625
7.001	0.35825
7.002	-0.323375
7.003	-0.258375
7.004	-0.2639375
7.005	-0.4468125
7.006	-0.5005
7.007	-0.326875
7.008	0.22275
7.009	-0.29725
7.01	-1.114375
7.011	-0.111125
7.012	0.8899375
7.013	0.33875
7.014	-0.3998125
7.015	-0.5616875
7.016	-0.46375
7.017	-0.1633125
7.018	-0.3155625
7.019	-0.679375
7.02	-1.166438
7.021	-0.95225
7.022	-0.0385
7.023	0.174875
7.024	-0.0314375
7.025	-0.273
7.026	-0.31875
7.027	-0.564875
7.028	-0.4080625
7.029	-0.0128125
7.03	-0.1640625
7.031	-0.1956875
7.032	0.073625
7.033	0.4800625
7.034	0.6955625
7.035	0.5656875
7.036	0.1526875
7.037	-0.5596875
7.038	-0.94575
7.039	-0.4521875
7.04	-0.1153125	#1 MFMVC 
7.041	-0.094125
7.042	0.398125
7.043	0.5045
7.044	-0.299
7.045	-1.35825
7.046	-1.133813
7.047	0.207125
7.048	0.5373125
7.049	-0.4190625
7.05	-1.000625
7.051	-0.419125
7.052	0.263125
7.053	0.2166875
7.054	-0.0880625
7.055	-0.3989375
7.056	-0.8225
7.057	-0.8675625
7.058	-1.018063
7.059	-0.56
7.06	0.3399375
7.061	1.054063
7.062	1.398188
7.063	0.4748125
7.064	0.332125
7.065	0.473
7.066	-0.299375
7.067	-0.3505
7.068	-0.3718125
7.069	-0.4030625
7.07	-0.2958125
7.071	-0.5803125
7.072	-0.426375
7.073	-0.366875
7.074	-0.54925
7.075	-0.59425
7.076	-0.663375
7.077	-0.85625
7.078	-0.6909375
7.079	-0.72425
7.08	-0.9096875
7.081	-0.114875
7.082	0.017
7.083	-0.27125
7.084	0.429875
7.085	0.7160625
7.086	0.2841875
7.087	-0.0860625
7.088	-0.3795
7.089	-0.42475
7.09	-0.431875
7.091	-0.60775
7.092	-0.6775625
7.093	-0.808375
7.094	-0.571625
7.095	0.275125
7.096	0.5730625
7.097	0.4374375
7.098	0.3785
7.099	0.0224375
7.1	0.098875
7.101	0.132375
7.102	-0.5673125
7.103	-0.2993125
7.104	0.40475
7.105	0.485125
7.106	0.2416875
7.107	-0.307375
7.108	-0.5669375
7.109	-0.5365625
7.11	-0.4188125
7.111	-0.4533125
7.112	-0.818375
7.113	-0.8369375
7.114	-1.301125
7.115	-1.359938
7.116	0.139625
7.117	1.063688
7.118	0.8180625
7.119	-0.1076875
7.12	-0.4314375
7.121	0.1171875
7.122	-0.049875
7.123	-0.597
7.124	-0.9119375
7.125	-0.835
7.126	-0.4508125
7.127	0.156125
7.128	0.45075
7.129	0.128375
7.13	0.163375
7.131	0.0675
7.132	-0.06325
7.133	0.0863125
7.134	0.0023125
7.135	-0.169625
7.136	-0.5669375
7.137	-0.9013125
7.138	-1.102563
7.139	-1.719
7.14	NaN
7.141	-1.473
7.142	-0.2025
7.143	1.385688
7.144	0.7649375
7.145	-0.4886875
7.146	0.996125
7.147	NaN
7.148	1.118937
7.149	-0.276
7.15	-0.888
7.151	-1.094438
7.152	-1.239938
7.153	-1.044563
7.154	-0.5260625
7.155	-0.1645625
7.156	0.0671875
7.157	-0.0070625
7.158	0.1178125
7.159	0.47
7.16	-0.0044375
7.161	-0.6274375
7.162	-0.657875
7.163	-0.476375
7.164	-0.6259375
7.165	-1.060875
7.166	-1.194938
7.167	-1.073438
7.168	-0.0385625
7.169	1.225563
7.17	1.058875
7.171	0.3388125
7.172	-0.3610625
7.173	-0.543875
7.174	0.29475
7.175	0.8336875
7.176	0.523875
7.177	-0.266
7.178	-0.5215
7.179	-0.0736875
7.18	-0.28825
7.181	-0.681
7.182	-0.8318125
7.183	-1.167063
7.184	-1.405063
7.185	-1.2305
7.186	-0.8785625
7.187	-0.4225
7.188	0.00125
7.189	-0.24875
7.19	-0.0319375
7.191	0.3256875
7.192	0.1024375
7.193	0.078125
7.194	0.0678125
7.195	0.0029375
7.196	-0.375125
7.197	-0.6565625
7.198	-0.6141875
7.199	-0.147375
7.2	0.3605625
7.201	0.174375
7.202	-0.033
7.203	-0.2175
7.204	-0.5474375
7.205	-0.7763125
7.206	-1.160562
7.207	-1.216563
7.208	-1.017187
7.209	-0.620375
7.21	0.1539375
7.211	0.724625
7.212	1.563188
7.213	1.410063
7.214	0.897125
7.215	1.054375
7.216	0.4391875
7.217	-0.61875
7.218	-1.065688
7.219	-0.9606875
7.22	-0.8324375
7.221	-0.6564375
7.222	-0.487375
7.223	-0.7824375
7.224	-1.346313
7.225	-1.334563
7.226	-0.9886875
7.227	-0.843375
7.228	-0.8631875
7.229	-0.413375
7.23	0.21625
7.231	0.71875
7.232	1.147813
7.233	0.6821875
7.234	0.64
7.235	1.231375
7.236	0.5485625
7.237	-0.7115625
7.238	-1.168063
7.239	-1.005438
7.24	-0.9588125
7.241	-1.034563
7.242	-0.8061875
7.243	-0.4103125
7.244	-0.3750625
7.245	-0.5045625
7.246	-0.22025
7.247	0.165125
7.248	0.020625
7.249	-0.1349375
7.25	-0.3665625
7.251	-0.888
7.252	-0.61675
7.253	-0.4449375
7.254	-0.4669375
7.255	-0.35275
7.256	-0.7080625
7.257	-0.405625
7.258	0.0124375
7.259	0.1636875
7.26	0.215375
7.261	-0.4888125
7.262	-0.3116875
7.263	0.718
7.264	1.111563
7.265	0.2110625
7.266	-0.5423125
7.267	-0.0408125
7.268	0.0590625
7.269	0.1779375
7.27	0.3543125
7.271	0.264875
7.272	0.04575
7.273	-0.67275
7.274	-0.9966875
7.275	-0.6251875
7.276	-0.3383125
7.277	-0.7066875
7.278	-1.217313
7.279	-1.103375
7.28	-0.461375
7.281	-0.1009375
7.282	-0.7889375
7.283	-0.3583125
7.284	0.2808125
7.285	0.0783125
7.286	0.2466875
7.287	0.0646875
7.288	-0.0515
7.289	0.2435
7.29	0.473875
7.291	0.0760625
7.292	-0.5758125
7.293	-0.627375
7.294	-0.397875
7.295	-0.6478125
7.296	-0.7930625
7.297	-0.76525
7.298	-0.9084375
7.299	-0.7090625
7.3	-0.5243125
7.301	-0.4031875
7.302	-0.3600625
7.303	-0.7576875
7.304	-0.4648125
7.305	-0.16875
7.306	-0.299125
7.307	0.1248125
7.308	-0.0481875
7.309	-0.239
7.31	-0.134
7.311	-0.498875
7.312	-0.27425
7.313	0.4455625
7.314	1.098875
7.315	0.7584375
7.316	-0.243625
7.317	-0.3221875
7.318	0.2516875
7.319	0.73075
7.32	-0.2251875
7.321	-1.190188
7.322	-0.6904375
7.323	-0.16525
7.324	-0.2578125
7.325	-0.675625
7.326	-0.828875
7.327	-0.806125
7.328	-0.930625
7.329	-1.286063
7.33	-1.207625
7.331	-0.5063125
7.332	-0.2291875
7.333	0.263875
7.334	1.088688
7.335	0.6380625
7.336	0.26275
7.337	0.7264375
7.338	0.6090625
7.339	-0.035375
7.34	-0.2443125
7.341	-0.1603125
7.342	-0.32475
7.343	-0.416375
7.344	-0.87325
7.345	-1.480938
7.346	-1.343938
7.347	-0.9229375
7.348	-0.4763125
7.349	-0.626625
7.35	-0.961125
7.351	-0.474375
7.352	-0.095125
7.353	0.0065625
7.354	0.14225
7.355	0.268625
7.356	0.0234375
7.357	-0.3946875
7.358	-0.592375
7.359	-0.60475
7.36	-0.5006875
7.361	-0.5425
7.362	-0.3651875
7.363	-0.3036875
7.364	-0.332875
7.365	0.3358125
7.366	0.7031875
7.367	0.69775
7.368	0.1450625
7.369	-0.4088125
7.37	-0.3353125
7.371	-0.3493125
7.372	-0.393375
7.373	-1.1535
7.374	-1.70975
7.375	-1.331563
7.376	-0.8618125
7.377	-0.1995625
7.378	0.176625
7.379	0.703
7.38	0.90675
7.381	0.0195625
7.382	-0.426375
7.383	-0.031125
7.384	0.436375
7.385	-0.08375
7.386	-1.01625
7.387	-1.211062
7.388	-0.9468125
7.389	-0.49525
7.39	-0.1428125
7.391	-0.4275625
7.392	-0.5764375
7.393	-0.497625
7.394	-0.820625
7.395	0.1415
7.396	1.043063
7.397	0.370625
7.398	0.278125
7.399	0.06475
7.4	-0.787125
7.401	-1.13025
7.402	-1.103813
7.403	-0.581375
7.404	-0.1946875
7.405	-0.655
7.406	-0.3463125
7.407	0.2714375
7.408	0.0085625
7.409	-0.698375
7.41	-1.360375
7.411	-0.9040625
7.412	0.043375
7.413	1.010813
7.414	0.67275
7.415	-0.220625
7.416	0.097625
7.417	-0.179625
7.418	-0.4401875
7.419	-0.270875
7.42	-0.2456875
7.421	-0.211125
7.422	-0.682
7.423	-0.928375
7.424	-0.4801875
7.425	-0.2785
7.426	-0.2214375
7.427	0.3175625
7.428	0.2494375
7.429	-0.0566875
7.43	-0.74775
7.431	-1.263
7.432	-0.6875
7.433	-0.43875
7.434	-0.250375
7.435	-0.345375
7.436	-0.6965625
7.437	-0.8384375
7.438	-0.8626875
7.439	-0.6425
7.44	-0.990625
7.441	-1.112438
7.442	0.2166875
7.443	1.249
7.444	1.490687
7.445	0.1911875
7.446	-0.9960625
7.447	-0.060125
7.448	0.409875
7.449	-0.01975
7.45	-0.51125
7.451	-0.792625
7.452	-1.123625
7.453	-1.616438
7.454	-1.559813
7.455	-0.8248125
7.456	0.2270625
7.457	0.962
7.458	1.487875
7.459	1.324812
7.46	0.78075
7.461	0.188625
7.462	-0.7345625
7.463	-0.97825
7.464	-1.384063
7.465	-1.206813
7.466	-0.577875
7.467	-0.7805
7.468	-0.8344375
7.469	-1.2235
7.47	-1.126625
7.471	0.34825
7.472	0.844
7.473	-0.0965
7.474	-0.3845625
7.475	0.0204375
7.476	0.461375
7.477	0.8555
7.478	0.3873125
7.479	-0.35725
7.48	-0.880625
7.481	-0.1705625
7.482	0.72125
7.483	-0.011375
7.484	-0.842125
7.485	-0.395125
7.486	0.2930625
7.487	-0.309375
7.488	-0.895625
7.489	-1.210125
7.49	-1.358125
7.491	-1.074062
7.492	-0.5185625
7.493	0.2463125
7.494	0.391375
7.495	-0.3740625
7.496	-0.8053125
7.497	-0.4545625
7.498	-0.1689375
7.499	-0.0638125
7.5	-0.8356875
7.501	-1.185437
7.502	-0.4529375
7.503	-0.2415
7.504	-0.6600625
7.505	-0.7366875
7.506	-0.053875
7.507	0.5588125
7.508	0.160125
7.509	-0.5233125
7.51	-0.65725
7.511	-0.797125
7.512	-0.463875
7.513	0.274625
7.514	0.2895
7.515	-0.3608125
7.516	-1.004563
7.517	0.3296875
7.518	1.596375
7.519	0.1948125
7.52	-0.6206875
7.521	-0.494375
7.522	-0.60375
7.523	-0.9485
7.524	-1.22075
7.525	-0.6568125
7.526	-0.1596875
7.527	-0.0076875
7.528	-0.2781875
7.529	-0.5836875
7.53	-0.552375
7.531	-0.5189375
7.532	-0.0495625
7.533	0.2579375
7.534	-0.1038125
7.535	-0.580625
7.536	-0.8381875
7.537	-0.98775
7.538	-1.146438
7.539	-0.37375
7.54	1.032438
7.541	1.9185
7.542	1.763438
7.543	0.28525
7.544	-0.454875
7.545	-0.51725
7.546	-1.063813
7.547	-0.9484375
7.548	-0.7150625
7.549	-0.8495625
7.55	-1.035875
7.551	-0.59125
7.552	-0.4010625
7.553	-1.17025
7.554	-0.9085
7.555	0.40575
7.556	0.957125
7.557	0.713875
7.558	0.033875
7.559	-0.2845
7.56	0.19725
7.561	-0.115625
7.562	-0.51925
7.563	-0.5445
7.564	-0.554125
7.565	-0.429625
7.566	-0.7645
7.567	-1.348438
7.568	-1.877813
7.569	NaN
7.57	-1.516875
7.571	-0.70175
7.572	-0.1154375
7.573	1.07575
7.574	1.4285
7.575	1.423563
7.576	1.296875
7.577	0.5890625
7.578	0.139125
7.579	-0.692625
7.58	-1.434875
7.581	-1.839688
7.582	-1.339438
7.583	-0.184875
7.584	0.57225
7.585	0.6735
7.586	0.014875
7.587	-0.66425
7.588	-0.6365
7.589	-0.4233125
7.59	-0.4405
7.591	-0.67175
7.592	-1.039313
7.593	-1.18675
7.594	-1.226438
7.595	-0.8486875
7.596	-0.3353125
7.597	0.027375
7.598	0.2615625
7.599	0.572625
7.6	0.5635625
7.601	-0.3375
7.602	-0.319375
7.603	-0.2158125
7.604	-0.7946875
7.605	-0.757125
7.606	-0.4966875
7.607	-0.56125
7.608	-0.3305625
7.609	0.0015
7.61	-0.476
7.611	-0.8593125
7.612	-0.4208125
7.613	-0.1563125
7.614	-0.0225
7.615	0.3215625
7.616	-0.128625
7.617	-0.8013125
7.618	-0.8395
7.619	-0.5269375
7.62	-0.522125
7.621	-0.3815
7.622	0.135375
7.623	0.4443125
7.624	1.013688
7.625	1.0695
7.626	0.29925
7.627	-0.68775
7.628	-0.810125
7.629	-0.239
7.63	-0.25225
7.631	-0.2743125
7.632	-0.405875
7.633	-0.78175
7.634	-1.476875
7.635	-1.725938
7.636	-1.034125
7.637	-0.7445
7.638	-1.011625
7.639	-0.417125
7.64	0.3615625
7.641	0.6308125
7.642	0.5765
7.643	0.2665
7.644	0.144125
7.645	-0.6350625
7.646	-1.037313
7.647	-0.4425
7.648	-0.2395
7.649	-0.493
7.65	-0.6213125
7.651	-0.5778125
7.652	-0.447125
7.653	-0.147125
7.654	0.2983125
7.655	-0.3615
7.656	-1.324563
7.657	-0.512625
7.658	0.259
7.659	-0.4335
7.66	-0.9895625
7.661	-1.109188
7.662	-0.8056875
7.663	-0.2215625
7.664	0.293125
7.665	0.501625
7.666	0.195875
7.667	-0.126
7.668	0.113125
7.669	0.4536875
7.67	-0.0390625
7.671	-0.7270625
7.672	-0.9968125
7.673	-1.224563
7.674	-1.486
7.675	-1.096188
7.676	-0.86675
7.677	-0.8700625
7.678	-0.4185625
7.679	-0.4570625
7.68	-0.5505
7.681	0.088
7.682	0.6984375
7.683	0.35225
7.684	-0.153375
7.685	-0.2341875
7.686	-0.2236875
7.687	-0.1395
7.688	-0.1810625
7.689	-0.4631875
7.69	-0.7775
7.691	-1.1935
7.692	-1.467
7.693	-0.6844375
7.694	-0.11475
7.695	0.1968125
7.696	1.056437
7.697	1.553313
7.698	1.907875
7.699	0.4736875
7.7	-0.1573125
7.701	0.223375
7.702	-1.070313
7.703	-1.829
7.704	-1.932625
7.705	-1.146125
7.706	-0.5015625
7.707	-0.5143125
7.708	-0.4285
7.709	-0.7873125
7.71	-0.766375
7.711	-0.385375
7.712	-0.5915625
7.713	-1.142688
7.714	-0.9133125
7.715	-0.172375
7.716	0.06
7.717	-0.1798125
7.718	-0.3826875
7.719	-0.62
7.72	-0.6626875
7.721	-0.4868125
7.722	-0.1934375
7.723	-0.0813125
7.724	-0.3826875
7.725	-0.6466875
7.726	-0.31625
7.727	0.68025
7.728	0.6880625
7.729	0.528625
7.73	0.6928125
7.731	0.5645
7.732	0.36675
7.733	0.1461875
7.734	-0.3214375
7.735	-1.525063
7.736	-1.8
7.737	-1.611563
7.738	-1.513313
7.739	-0.5358125
7.74	0.205875
7.741	-0.0864375
7.742	-0.4125
7.743	0.374125
7.744	0.6890625
7.745	0.3155625
7.746	0.1909375
7.747	-0.564625
7.748	-0.984125
7.749	-0.831
7.75	-0.739
7.751	-0.716625
7.752	-0.7895625
7.753	-0.6414375
7.754	-0.5784375
7.755	-0.7899375
7.756	-0.545
7.757	-0.1114375
7.758	-0.0465
7.759	0.1318125
7.76	-0.0574375
7.761	-0.4119375
7.762	-0.7290625
7.763	-1.113875
7.764	-0.988125
7.765	-1.135063
7.766	-0.986625
7.767	-0.5235625
7.768	-0.052
7.769	1.031625
7.77	1.163313
7.771	0.8453125
7.772	0.5865
7.773	-0.006
7.774	-0.0230625
7.775	-0.1564375
7.776	-0.8245
7.777	-0.8441875
7.778	-0.875375
7.779	-0.9880625
7.78	-0.509
7.781	-0.2871875
7.782	-0.37725
7.783	-0.515875
7.784	-0.6475625
7.785	-0.837
7.786	-0.678
7.787	-0.7193125
7.788	-0.8698125
7.789	0.1185625
7.79	1.319625
7.791	0.799875
7.792	-0.32525
7.793	-0.4951875
7.794	-0.6826875
7.795	-0.561
7.796	-0.5643125
7.797	-1.036938
7.798	-1.275125
7.799	-1.321438
7.8	-1.084062
7.801	-0.845
7.802	-0.554875
7.803	0.0795
7.804	-0.1231875
7.805	-0.04975
7.806	0.3254375
7.807	0.09325
7.808	0.2354375
7.809	0.09875
7.81	0.1115
7.811	0.070375
7.812	-0.388125
7.813	-0.7739375
7.814	-0.954125
7.815	-0.7101875
7.816	-0.4888125
7.817	-0.4704375
7.818	-0.3525
7.819	-0.4725625
7.82	-0.56425
7.821	-0.437625
7.822	-0.42725
7.823	-0.1643125
7.824	-0.5359375
7.825	-0.0960625
7.826	1.073563
7.827	0.4619375
7.828	0.135375
7.829	0.2523125
7.83	-0.0963125
7.831	-0.43675
7.832	-1.262938
7.833	-1.421188
7.834	-0.9804375
7.835	-1.00175
7.836	-1.008188
7.837	-0.681625
7.838	-0.359625
7.839	-0.3191875
7.84	-0.545875
7.841	-0.485875
7.842	-0.435375
7.843	-0.7178125
7.844	-0.6781875
7.845	-0.5834375
7.846	0.1296875
7.847	1.271813
7.848	1.105625
7.849	-0.085625
7.85	-0.2383125
7.851	0.3473125
7.852	-0.0909375
7.853	-0.900875
7.854	-0.863375
7.855	-0.7720625
7.856	-0.7510625
7.857	-0.5115625
7.858	-0.3366875
7.859	0.02975
7.86	0.192625
7.861	-0.23825
7.862	-0.7679375
7.863	-0.7679375
7.864	-0.73275
7.865	-0.8355625
7.866	-0.6603125
7.867	-0.856375
7.868	-0.8673125
7.869	-0.649625
7.87	-0.8028125
7.871	-0.4426875
7.872	-0.2610625
7.873	-0.4755
7.874	-0.370125
7.875	-0.5059375
7.876	-0.86775
7.877	-0.6284375
7.878	-0.170375
7.879	0.7835625
7.88	1.38525
7.881	0.8210625
7.882	0.7675
7.883	0.1890625
7.884	-0.6603125
7.885	-0.5854375
7.886	-0.7965625
7.887	-1.014563
7.888	-0.7280625
7.889	-0.738875
7.89	-0.8743125
7.891	-0.8834375
7.892	-0.8229375
7.893	-0.2191875
7.894	0.13375
7.895	-0.314125
7.896	-0.5755625
7.897	-0.3195625
7.898	0.298375
7.899	0.3573125
7.9	-0.2275625
7.901	-0.75875
7.902	-1.137875
7.903	-0.5731875
7.904	-0.0279375
7.905	-0.5023125
7.906	-0.710125
7.907	-0.3686875
7.908	0.117875
7.909	0.1796875
7.91	-0.1321875
7.911	-0.306
7.912	-0.4185625
7.913	-0.3570625
7.914	-1.228063
7.915	-1.7865
7.916	-1.444125
7.917	-1.249438
7.918	-0.05625
7.919	0.5975
7.92	0.7185
7.921	0.9621875
7.922	0.749
7.923	0.7694375
7.924	0.5134375
7.925	-0.3328125
7.926	-0.7290625
7.927	-0.318375
7.928	0.0251875
7.929	-0.749125
7.93	-1.257875
7.931	-0.884875
7.932	-0.867
7.933	-0.6331875
7.934	-0.5754375
7.935	-0.8051875
7.936	-0.8254375
7.937	-0.638625
7.938	-0.4355625
7.939	-0.2886875
7.94	0.057375
7.941	-0.37025
7.942	-0.5851875
7.943	0.5225625
7.944	0.407
7.945	-0.3315
7.946	-0.2731875
7.947	-0.8203125
7.948	-0.968875
7.949	-0.5839375
7.95	-0.5273125
7.951	-0.504875
7.952	-0.58625
7.953	-0.5316875
7.954	-0.23475
7.955	-0.2111875
7.956	-0.4076875
7.957	-0.4559375
7.958	-0.35425
7.959	-0.2519375
7.96	-0.385625
7.961	-0.0658125
7.962	0.2495625
7.963	0.0051875
7.964	-0.284625
7.965	-0.591125
7.966	-0.5568125
7.967	-0.5205
7.968	-0.8339375
7.969	-0.9165625
7.97	-1.041562
7.971	-1.57575
7.972	-1.380375
7.973	-0.1325
7.974	1.021125
7.975	1.949
7.976	1.162438
7.977	-0.200125
7.978	0.520875
7.979	0.71725
7.98	-0.149625
7.981	-0.6393125
7.982	-0.97225
7.983	-1.122875
7.984	-1.096563
7.985	-0.9841875
7.986	-0.9018125
7.987	-0.3489375
7.988	0.29275
7.989	0.108625
7.99	-0.3799375
7.991	-0.672375
7.992	-0.632625
7.993	-0.414375
7.994	-0.2153125
7.995	-0.6511875
7.996	-1.108063
7.997	-0.4675
7.998	-0.291875
7.999	-0.6253125
8	-0.8151875
8.001	-0.3205625
8.002	0.4726875
8.003	0.412125
8.004	0.3403125
8.005	-0.1614375
8.006	-0.77375
8.007	-0.7474375
8.008	-0.6096875
8.009	-0.4810625
8.01	-0.1699375
8.011	0.018875
8.012	0.1784375
8.013	0.0005
8.014	-0.1535625
8.015	0.625
8.016	0.550375
8.017	-0.190125
8.018	-0.3035
8.019	-0.526
8.02	-0.8635
8.021	-0.7931875
8.022	-0.8318125
8.023	-1.080313
8.024	-1.121
8.025	-1.115188
8.026	0.1363125
8.027	1.105375
8.028	0.122875
8.029	-0.1726875
8.03	0.1725
8.031	-0.1920625
8.032	-0.7218125
8.033	-1.043063
8.034	-1.101375
8.035	-0.7996875
8.036	-0.054125
8.037	0.2965
8.038	0.296625
8.039	0.483625
8.04	0.5116875
8.041	0.2715
8.042	-0.38475
8.043	-1.088688
8.044	-1.211375
8.045	-1.135
8.046	-1.0945
8.047	-0.25175
8.048	0.191375
8.049	-0.0195
8.05	0.2115
8.051	-0.12
8.052	-0.5289375
8.053	-0.5408125
8.054	-0.6261875
8.055	-0.6493125
8.056	-0.6310625
8.057	-0.57925
8.058	-0.54725
8.059	-0.486625
8.06	-0.556875
8.061	-0.637
8.062	-0.6741875
8.063	-0.633375
8.064	-0.2818125
8.065	-0.25175
8.066	0.2405
8.067	1.384813
8.068	1.587563
8.069	0.9073125
8.07	0.2389375
8.071	-0.06825
8.072	-0.2503125
8.073	-0.516375
8.074	-0.49425
8.075	-0.570125
8.076	-0.8753125
8.077	-0.689
8.078	-0.5064375
8.079	-0.5263125
8.08	-0.5078125
8.081	-0.4348125
8.082	-0.678125
8.083	-0.85
8.084	-0.66775
8.085	-0.8779375
8.086	-1.22825
8.087	-0.94225
8.088	-0.1498125
8.089	0.0371875
8.09	-0.0316875
8.091	0.2498125
8.092	0.2283125
8.093	0.062375
8.094	-0.296625
8.095	-0.601
8.096	-0.7601875
8.097	-1.2435
8.098	-1.240813
8.099	-0.16425
8.1	1.299938
8.101	1.426938
8.102	0.54675
8.103	0.413625
8.104	0.322875
8.105	-0.15425
8.106	-0.615375
8.107	-0.8545625
8.108	-0.6255625
8.109	-0.0800625
8.11	0.8203125
8.111	1.225375
8.112	0.102625
8.113	-0.8883125
8.114	-0.7135625
8.115	-0.72825
8.116	-0.847625
8.117	-1.056188
8.118	-0.9278125
8.119	-0.6490625
8.12	-0.6274375
8.121	-0.52775
8.122	-0.6946875
8.123	-1.113625
8.124	-1.375938
8.125	-0.989
8.126	-0.7118125
8.127	-0.471
8.128	0.99225
8.129	NaN
8.13	1.756063
8.131	1.624875
8.132	1.8135
8.133	NaN
8.134	0.7413125
8.135	-1.187875
8.136	-1.801438
8.137	-1.88
8.138	-1.550375
8.139	-1.222563
8.14	-0.6405625
8.141	-0.3498125
8.142	-0.6706875
8.143	-0.8205
8.144	-0.664375
8.145	-0.01925
8.146	0.011125
8.147	-0.7
8.148	-0.3939375
8.149	-0.0378125
8.15	-0.41825
8.151	-0.992375
8.152	-0.771
8.153	0.1115
8.154	-0.1965
8.155	-0.5778125
8.156	-0.421875
8.157	-0.280125
8.158	0.4255
8.159	0.8076875
8.16	0.1666875
8.161	-0.440875
8.162	-0.1856875
8.163	0.160375
8.164	-0.1220625
8.165	-0.323
8.166	0.0565625
8.167	0.036
8.168	-0.3670625
8.169	-0.544375
8.17	-0.4168125
8.171	-0.291875
8.172	-0.509625
8.173	-0.747375
8.174	-0.872125
8.175	-0.559
8.176	-0.060125
8.177	0.0331875
8.178	-0.1015625
8.179	-0.17525
8.18	-0.2138125
8.181	-0.3351875
8.182	-0.4780625
8.183	-0.25625
8.184	-0.0235
8.185	-0.2475
8.186	-0.2986875
8.187	-0.0259375
8.188	0.2053125
8.189	-0.07575
8.19	-0.2744375
8.191	-0.0949375
8.192	-0.016875
8.193	0.0470625
8.194	0.0605
8.195	0.0996875
8.196	0.12275
8.197	-0.0714375
8.198	-0.357625
8.199	-0.4938125
8.2	-0.310875
8.201	0.048375
8.202	-0.4204375
8.203	-1.243438
8.204	-1.080563
8.205	-0.650125
8.206	-0.594375
8.207	-0.342
8.208	-0.2149375
8.209	-0.0759375
8.21	0.72325
8.211	1.05775
8.212	0.5601875
8.213	0.041875
8.214	-0.5738125
8.215	-0.5365
8.216	0.34175
8.217	0.72075
8.218	0.767875
8.219	0.830875
8.22	0.5921875
8.221	0.1186875
8.222	-0.4419375
8.223	-1.112875
8.224	-1.627563
8.225	-1.434688
8.226	-1.400562
8.227	-1.462875
8.228	-0.56675
8.229	0.270625
8.23	0.62025
8.231	0.2368125
8.232	0.0085625
8.233	-0.1380625
8.234	-0.2
8.235	0.1463125
8.236	0.2263125
8.237	0.5145
8.238	0.7284375
8.239	0.783375
8.24	0.747875
8.241	0.2493125
8.242	-0.3476875
8.243	-0.469125
8.244	-0.825375
8.245	-1.147375
8.246	-1.087938
8.247	-1.000312
8.248	-1.004813
8.249	-1.09275
8.25	-1.011125
8.251	-0.7198125
8.252	-0.2411875
8.253	0.133625
8.254	-0.45125
8.255	-0.905125
8.256	-0.25075
8.257	-0.0835625
8.258	-0.1923125
8.259	0.07925
8.26	0.130625
8.261	0.0138125
8.262	-0.12375
8.263	-0.2904375
8.264	-0.3710625
8.265	-0.295875
8.266	-0.23975
8.267	-0.266125
8.268	-0.2579375
8.269	-0.202125
8.27	-0.197
8.271	-0.118625
8.272	-0.09825
8.273	-0.2353125
8.274	0.071375
8.275	0.543125
8.276	0.770125
8.277	0.5185
8.278	-0.197375
8.279	-0.760125
8.28	-0.8615
8.281	-0.4978125
8.282	-0.007
8.283	0.779625
8.284	0.5379375
8.285	0.1099375
8.286	0.802125
8.287	0.6363125
8.288	0.0675625
8.289	-0.5483125
8.29	-1.07975
8.291	-1.036938
8.292	-0.7814375
8.293	-0.567625
8.294	-0.592125
8.295	-0.5920625
8.296	-0.609875
8.297	-0.5705625
8.298	-0.5966875
8.299	-0.997125
8.3	-0.9721875
8.301	-0.1685
8.302	0.128375
8.303	0.031125
8.304	0.2110625
8.305	0.135625
8.306	-0.107
8.307	0.59225
8.308	1.027562
8.309	0.433
8.31	0.6035
8.311	0.878125
8.312	0.2231875
8.313	-0.615
8.314	-1.173188
8.315	-1.20975
8.316	-1.015625
8.317	-0.674875
8.318	0.003375
8.319	0.4220625
8.32	0.46725
8.321	0.24975
8.322	-0.0965
8.323	-0.4208125
8.324	-0.579
8.325	-0.718875
8.326	-0.92875
8.327	-0.6443125
8.328	-0.2110625
8.329	0.0944375
8.33	-0.23575
8.331	-0.91175
8.332	-0.6298125
8.333	0.097625
8.334	0.357875
8.335	-0.2145625
8.336	-0.673375
8.337	-0.59175
8.338	-0.550625
8.339	-0.5594375
8.34	-0.37025
8.341	-0.3155
8.342	0.122
8.343	0.885125
8.344	0.45325
8.345	0.390125
8.346	0.9931875
8.347	0.7694375
8.348	0.2270625
8.349	-0.0189375
8.35	-0.080875
8.351	-0.38125
8.352	-0.7725
8.353	-0.8251875
8.354	-0.854375
8.355	-0.783125
8.356	-0.66425
8.357	-0.6005625
8.358	-0.49625
8.359	-0.478125
8.36	-0.294
8.361	-0.1469375
8.362	-0.1421875
8.363	-0.2013125
8.364	-0.0563125
8.365	0.0118125
8.366	-0.1799375
8.367	-0.151625
8.368	-0.3365
8.369	-0.4615625
8.37	-0.347125
8.371	-0.337125
8.372	-0.3735625
8.373	-0.368625
8.374	-0.2881875
8.375	-0.211
8.376	-0.2403125
8.377	-0.2926875
8.378	-0.26625
8.379	-0.2576875
8.38	-0.0816875
8.381	-0.1081875
8.382	-0.4394375
8.383	-0.4160625
8.384	-0.5710625
8.385	-0.6994375
8.386	-0.060125
8.387	0.3720625
8.388	0.5953125
8.389	0.50375
8.39	-0.0405625
8.391	0.3126875
8.392	0.766125
8.393	-0.141875
8.394	-0.604625
8.395	-0.358875
8.396	-0.4210625
8.397	-0.4740625
8.398	-0.562875
8.399	-0.54975
