Interval=	0.001 s
ExcelDateTime=	4.5714697250337449e+004	2/26/2025 16:44:02.429156
TimeFormat=	StartOfBlock
DateFormat=	
ChannelTitle=	Channel 4
Range=	2.000 mV
1.95	0.065625
1.951	-0.1965
1.952	-1.022938
1.953	-0.768625
1.954	-0.218875
1.955	0.03625
1.956	-0.7335625
1.957	-1.949437
1.958	-1.215688
1.959	0.333625
1.96	0.3044375
1.961	-0.37075
1.962	-0.64825
1.963	-0.6823125
1.964	-0.5480625
1.965	-0.4911875
1.966	-0.706375
1.967	-0.9628125
1.968	-0.9445
1.969	-0.8418125
1.97	-0.9111875
1.971	-0.9191875
1.972	-0.9626875
1.973	-0.9403125
1.974	-0.8774375
1.975	-0.819625
1.976	-0.8216875
1.977	-0.6994375
1.978	0.0601875
1.979	0.8993125
1.98	1.682
1.981	0.9715
1.982	-0.772375
1.983	-0.9324375
1.984	-0.9114375
1.985	-1.260938
1.986	-1.170625
1.987	-1.320437
1.988	-1.460938
1.989	-1.693063
1.99	NaN
1.991	-1.632125
1.992	-0.967125
1.993	-1.151125
1.994	-1.36925
1.995	-1.393438
1.996	-1.489125
1.997	-1.559563
1.998	-1.591
1.999	-1.609563
2	-1.589938
2.001	-1.637063
2.002	-1.811125
2.003	-1.779313
2.004	-1.483188
2.005	-1.088938
2.006	-1.219625
2.007	-1.64325
2.008	-1.5855
2.009	-0.469125
2.01	0.94425
2.011	0.694875
2.012	-0.0246875
2.013	-0.17075
2.014	-1.079875
2.015	NaN
2.016	-1.762938
2.017	-1.251
2.018	-1.777813
2.019	NaN
2.02	-2.025625
2.021	NaN
2.022	-1.819063
2.023	-1.401625
2.024	-1.084313
2.025	-1.47175
2.026	-2.0365
2.027	NaN
2.028	-1.479813
2.029	-0.59275
2.03	-0.3050625
2.031	-1.188625
2.032	-2.017187
2.033	NaN
2.034	-0.989375
2.035	-0.0431875
2.036	-1.087
2.037	-2.018313
2.038	NaN
2.039	-1.3175
2.04	-0.933875
2.041	-1.012625
2.042	-1.12725
2.043	-1.0465
2.044	-0.7405625
2.045	-1.621188
2.046	NaN
2.047	NaN
2.048	-1.021187
2.049	-0.07175
2.05	-1.496125
2.051	NaN
2.052	-1.918063
2.053	-1.4105
2.054	-1.082437
2.055	-1.642625
2.056	-1.773063
2.057	-1.72775
2.058	-1.7355
2.059	-1.689688
2.06	-1.676313
2.061	-1.467
2.062	-0.7441875
2.063	-0.26975
2.064	-0.5304375
2.065	-1.148625
2.066	-1.0515
2.067	-0.71375
2.068	-1.683375
2.069	NaN
2.07	-1.148875
2.071	-0.4103125
2.072	-0.934
2.073	-1.071188
2.074	-1.366625
2.075	-2.039813
2.076	-2.024437
2.077	-1.487938
2.078	-0.776
2.079	-0.60575
2.08	-0.6789375
2.081	0.003875
2.082	0.5710625
2.083	-0.8225
2.084	NaN
2.085	-2.019625
2.086	-0.54775
2.087	-0.101875
2.088	-1.211188
2.089	-1.46925
2.09	-1.346062
2.091	-1.06525
2.092	-0.9165
2.093	-0.8679375
2.094	-0.8248125
2.095	-0.97225
2.096	-0.9188125
2.097	-0.8621875
2.098	-1.097813
2.099	-1.032188
2.1	-0.9254375
2.101	-0.840125
2.102	-0.9210625
2.103	-1.277187
2.104	-1.063438
2.105	-0.6488125
2.106	-0.4579375
2.107	-0.778625
2.108	-1.155438
2.109	-0.892125
2.11	-0.7656875
2.111	-0.8903125
2.112	-0.19325
2.113	1.032812
2.114	1.317625
2.115	0.0344375
2.116	-1.898188
2.117	-1.953375
2.118	0.0759375
2.119	0.155625
2.12	-1.339625
2.121	-1.4805
2.122	-0.9641875
2.123	-0.328625
2.124	0.1639375
2.125	-0.046125
2.126	-0.717625
2.127	-1.307875
2.128	-0.7776875
2.129	0.7384375
2.13	0.4668125
2.131	-0.777125
2.132	-1.388875
2.133	-1.462563
2.134	-0.7070625
2.135	-0.0933125
2.136	-0.1638125
2.137	-0.201875
2.138	-0.2973125
2.139	-0.9945625
2.14	-1.0775
2.141	-0.6571875
2.142	-0.7974375
2.143	-0.6369375
2.144	-0.286375
2.145	-0.1576875
2.146	-0.0904375
2.147	-0.526375
2.148	-0.7009375
2.149	-0.7944375
2.15	-0.888875
2.151	-0.676
2.152	-0.8748125
2.153	-0.723
2.154	-0.6609375
2.155	-0.9245625
2.156	-0.6805
2.157	-0.2131875
2.158	-0.1035625
2.159	-0.3086875
2.16	-0.2698125
2.161	-0.124625
2.162	0.1469375
2.163	-0.38925
2.164	-0.93075
2.165	-0.2830625
2.166	-0.096875
2.167	-0.271875
2.168	-0.283375
2.169	0.003375
2.17	0.0485
2.171	-0.214625
2.172	0.4216875
2.173	0.8065625
2.174	0.199125
2.175	-1.092938
2.176	-1.491
2.177	-0.36875
2.178	0.45025
2.179	0.1550625
2.18	-0.859375
2.181	-1.446438
2.182	-1.012625
2.183	-0.2588125
2.184	-0.151125
2.185	-0.35775
2.186	-0.9225
2.187	-0.9200625
2.188	-0.0545
2.189	0.3469375
2.19	0.4739375
2.191	0.1841875
2.192	-0.92875
2.193	-1.873813
2.194	-0.78425
2.195	0.8245
2.196	0.3755
2.197	-0.5665
2.198	-0.76725
2.199	-0.5445
2.2	-0.7026875
2.201	-1.336375
2.202	-0.9899375
2.203	-0.0983125
2.204	0.023625
2.205	-0.4556875
2.206	-1.18725
2.207	-0.9116875
2.208	-0.1469375
2.209	-0.3655
2.21	-0.42175
2.211	-0.083125
2.212	-0.0835
2.213	-0.307875
2.214	-0.2016875
2.215	-0.17525
2.216	-0.309125
2.217	-0.220125
2.218	-0.472375
2.219	-1.119063
2.22	-1.434125
2.221	-0.483
2.222	0.1196875
2.223	-0.6916875
2.224	-0.833
2.225	0.036125
2.226	1.1925
2.227	1.134375
2.228	-0.8226875
2.229	-1.523438
2.23	-0.1524375
2.231	0.5079375
2.232	-0.155875
2.233	-0.792875
2.234	-1.097563
2.235	-1.068188
2.236	-0.7779375
2.237	-0.943
2.238	-0.8823125
2.239	0.005875
2.24	0.88
2.241	0.859
2.242	-0.557
2.243	-1.433437
2.244	-0.6648125
2.245	0.4186875
2.246	0.7110625
2.247	-0.144375
2.248	-0.843875
2.249	-0.7723125
2.25	-0.7918125
2.251	-0.4786875
2.252	0.05875
2.253	-0.2853125
2.254	-0.9665625
2.255	-0.7986875
2.256	-0.4395625
2.257	-0.43275
2.258	-0.1263125
2.259	-0.0441875
2.26	-0.3465625
2.261	-0.4921875
2.262	-0.5701875
2.263	-0.527
2.264	-0.43875
2.265	-0.363125
2.266	-0.50025
2.267	-0.600875
2.268	-0.7601875
2.269	-0.8081875
2.27	0.0039375
2.271	0.2253125
2.272	-0.45225
2.273	-1.084125
2.274	-1.208875
2.275	-0.88225
2.276	-0.5515
2.277	-0.368625
2.278	-0.500375
2.279	-0.4650625
2.28	-0.3743125
2.281	-0.4770625
2.282	-0.5864375
2.283	-0.244
2.284	0.3434375
2.285	0.027125
2.286	-0.7770625
2.287	-0.9623125
2.288	-0.7955625
2.289	-0.876625
2.29	-0.91575
2.291	-0.7365625
2.292	-0.3531875
2.293	0.0544375
2.294	0.50925
2.295	0.202875
2.296	-1.029562
2.297	-0.78175
2.298	-0.0266875
2.299	-0.4140625
2.3	-0.3919375
2.301	-0.3849375
2.302	-0.66175
2.303	-0.356375
2.304	0.0751875
2.305	-0.10225
2.306	-1.41625
2.307	-1.945688
2.308	-0.4151875
2.309	0.409
2.31	-0.455375
2.311	-1.071125
2.312	-1.057063
2.313	-1.041187
2.314	-1.007188
2.315	-0.6138125
2.316	-0.1068125
2.317	0.007375
2.318	-0.45425
2.319	-1.003937
2.32	-1.036125
2.321	-0.818875
2.322	-0.662125
2.323	-0.908625
2.324	-0.9923125
2.325	-0.7256875
2.326	-0.402625
2.327	-0.3363125
2.328	-0.5723125
2.329	-0.6404375
2.33	-0.6250625
2.331	-0.587875
2.332	-0.593375
2.333	-0.670125
2.334	-0.868875
2.335	-0.3799375
2.336	0.26525
2.337	0.12
2.338	-0.1045
2.339	-0.4350625
2.34	-0.761125
2.341	-0.839
2.342	-0.7595625
2.343	-0.8344375
2.344	-0.9920625
2.345	-0.892875
2.346	-0.8030625
2.347	-0.8306875
2.348	-0.86175
2.349	-0.8975
2.35	-0.96875
2.351	-0.9344375
2.352	-0.8925625
2.353	-1.094563
2.354	-0.7646875
2.355	0.360625
2.356	1.614688
2.357	0.965375
2.358	-1.237375
2.359	NaN
2.36	-0.760375
2.361	1.286875
2.362	0.2291875
2.363	-1.156187
2.364	-1.209875
2.365	-0.9901875
2.366	-0.891125
2.367	-0.9766875
2.368	-0.909625
2.369	-0.92875
2.37	-0.857125
2.371	-0.7011875
2.372	-0.6745625
2.373	-0.64525
2.374	-0.4443125
2.375	-0.1504375
2.376	0.0216875
2.377	-0.13325
2.378	-0.4075625
2.379	-0.2533125
2.38	-0.159375
2.381	-0.733625
2.382	-0.879
2.383	-0.5254375
2.384	-0.5181875
2.385	-0.489125
2.386	-0.434625
2.387	-0.5046875
2.388	-0.6804375
2.389	-1.021562
2.39	-0.8941875
2.391	-0.470125
2.392	-0.822625
2.393	-1.183063
2.394	-0.68425
2.395	-0.2173125
2.396	-0.0143125
2.397	-0.316
2.398	-0.563
2.399	-0.1241875
2.4	0.205625
2.401	0.10825
2.402	-0.504875
2.403	-1.164187
2.404	-1.144
2.405	-0.4871875
2.406	0.182375
2.407	-0.013375
2.408	-0.7068125
2.409	-0.712
2.41	-0.297375
2.411	-0.2125
2.412	-0.455875
2.413	-0.8489375
2.414	-0.8886875
2.415	-0.7753125
2.416	-0.8355625
2.417	-0.85025
2.418	-0.822125
2.419	-0.78325
2.42	-0.7873125
2.421	-0.785875
2.422	-0.734375
2.423	-0.729875
2.424	-0.6785625
2.425	-0.6421875
2.426	-0.597
2.427	-0.55775
2.428	-0.6561875
2.429	-0.3330625
2.43	-0.0760625
2.431	-0.2403125
2.432	-0.4133125
2.433	-0.433125
2.434	-0.3584375
2.435	-0.3380625
2.436	-0.46625
2.437	-0.833875
2.438	-1.060437
2.439	-1.041
2.44	-0.5889375
2.441	-0.019375
2.442	0.062875
2.443	-0.4116875
2.444	-0.98125
2.445	-0.9893125
2.446	-0.4861875
2.447	-0.0628125
2.448	-0.4698125
2.449	-0.922625
2.45	-0.6359375
2.451	0.0804375
2.452	0.52525
2.453	0.5065625
2.454	-0.4150625
2.455	-1.38925
2.456	-0.6735
2.457	0.0204375
2.458	-0.08125
2.459	-0.407875
2.46	-0.6455
2.461	-0.27125
2.462	-0.167625
2.463	-0.451375
2.464	-0.64375
2.465	-0.68775
2.466	-0.68525
2.467	-0.692375
2.468	-0.731
2.469	-0.7503125
2.47	-0.607875
2.471	-0.553125
2.472	-0.577875
2.473	-0.6161875
2.474	-0.7053125
2.475	-0.3831875
2.476	-0.0149375
2.477	-0.1210625
2.478	-0.5545
2.479	-0.7100625
2.48	-0.3394375
2.481	-0.1230625
2.482	-0.1640625
2.483	-0.229
2.484	-0.548375
2.485	-0.541875
2.486	-0.1508125
2.487	-0.2489375
2.488	-0.42375
2.489	-0.5295625
2.49	-0.7125625
2.491	-0.4794375
2.492	-0.39575
2.493	-0.4915625
2.494	-0.270625
2.495	-0.2394375
2.496	-0.431
2.497	-0.646875
2.498	-0.6273125
2.499	-0.6175
2.5	-0.8798125
2.501	-0.7830625
2.502	-0.6490625
2.503	-0.4835625
2.504	-0.393875
2.505	-0.6245625
2.506	-0.4650625
2.507	-0.4615
2.508	-0.5108125
2.509	0.13325
2.51	0.826625
2.511	0.7068125
2.512	0.106
2.513	-0.445875
2.514	-0.845
2.515	-0.4608125
2.516	0.796375
2.517	0.775875
2.518	-0.549
2.519	-0.8905625
2.52	-0.5715
2.521	-0.0895
2.522	0.3246875
2.523	0.218
2.524	1.326437
2.525	1.862
2.526	-0.289375
2.527	-1.442125
2.528	-0.1098125
2.529	0.961875
2.53	-0.0745
2.531	-0.8956875
2.532	0.6699375
2.533	NaN
2.534	0.56925
2.535	-1.660625
2.536	-1.47075
2.537	0.001625
2.538	1.262875
2.539	0.6628125
2.54	-0.9288125
2.541	-0.937875
2.542	-0.1630625
2.543	-0.223625
2.544	-0.5883125
2.545	-0.4480625
2.546	-0.2961875
2.547	-0.7040625
2.548	-1.1515
2.549	-0.6243125
2.55	-0.1681875
2.551	-0.465375
2.552	-0.525875
2.553	-0.408625
2.554	-0.480875
2.555	-0.5535625
2.556	-0.4878125
2.557	-0.4523125
2.558	-0.4856875
2.559	-0.5175
2.56	-0.4535
2.561	-0.38575
2.562	-0.3524375
2.563	-0.3629375
2.564	-0.492625
2.565	-0.5406875
2.566	-0.4910625
2.567	-0.494375
2.568	-0.5328125
2.569	-0.553875
2.57	-0.5808125	#1 MTDLS 
2.571	-0.610125
2.572	-0.6080625
2.573	-0.5483125
2.574	-0.4695
2.575	-0.535875
2.576	-0.53175
2.577	-0.252125
2.578	0.035625
2.579	0.0601875
2.58	-0.3855625
2.581	-0.7288125
2.582	-0.5820625
2.583	-0.2481875
2.584	-0.4244375
2.585	-0.978625
2.586	-0.597625
2.587	-0.192125
2.588	-0.41725
2.589	-0.6688125
2.59	-0.4863125
2.591	-0.261125
2.592	-0.5201875
2.593	-0.5870625
2.594	-0.4489375
2.595	-0.366
2.596	-0.3793125
2.597	-0.4674375
2.598	-0.523375
2.599	-0.581625
2.6	-0.6119375
2.601	-0.5290625
2.602	-0.2805625
2.603	-0.11325
2.604	-0.192625
2.605	-0.4521875
2.606	-0.6745625
2.607	-0.6475625
2.608	-0.6513125
2.609	-0.776
2.61	-0.6734375
2.611	-0.3134375
2.612	0.043
2.613	-0.2820625
2.614	-0.9036875
2.615	-0.6559375
2.616	-0.3675625
2.617	-0.431625
2.618	-0.504625
2.619	-0.775
2.62	-0.7419375
2.621	-0.567375
2.622	-0.6210625
2.623	-0.6581875
2.624	-0.6601875
2.625	-0.675
2.626	-0.5731875
2.627	-0.4005
2.628	-0.2584375
2.629	-0.23575
2.63	-0.49225
2.631	-0.5414375
2.632	-0.5796875
2.633	-0.8253125
2.634	-0.5938125
2.635	-0.1714375
2.636	0.0243125
2.637	-0.670625
2.638	-1.2815
2.639	-0.67225
2.64	-0.240625
2.641	-0.43675
2.642	-0.698
2.643	-0.7921875
2.644	-0.782625
2.645	-0.6765
2.646	-0.590625
2.647	-0.6145625
2.648	-0.6421875
2.649	-0.6535625
2.65	-0.694
2.651	-0.7119375
2.652	-0.6793125
2.653	-0.6955625
2.654	-0.66325
2.655	-0.90825
2.656	-1.256688
2.657	-1.055938
2.658	-0.7720625
2.659	-0.6104375
2.66	-0.41425
2.661	-0.4768125
2.662	-0.535
2.663	-0.4385
2.664	-0.420125
2.665	-0.411625
2.666	-0.5223125
2.667	-0.709875
2.668	-0.7050625
2.669	-0.57375
2.67	-0.684125
2.671	-0.93875
2.672	-0.9400625
2.673	-0.7628125
2.674	-0.668625
2.675	-0.6321875
2.676	-0.4635
2.677	-0.50175
2.678	-0.5696875
2.679	-0.547625
2.68	-0.808375
2.681	-0.8169375
2.682	-0.8014375
2.683	-0.94025
2.684	-0.897875
2.685	-0.8369375
2.686	-0.84875
2.687	-0.7910625
2.688	-0.8635
2.689	-1.073813
2.69	-0.928
2.691	-0.614125
2.692	-0.555875
2.693	-0.5868125
2.694	-0.4945
2.695	-0.5356875
2.696	-0.7586875
2.697	-0.805375
2.698	-0.5381875
2.699	-0.585125
2.7	-0.7565
2.701	-0.7328125
2.702	-0.8589375
2.703	-0.8143125
2.704	-0.686375
2.705	-0.742375
2.706	-0.806875
2.707	-0.749125
2.708	-0.677
2.709	-0.6074375
2.71	-0.35875
2.711	-0.149125
2.712	-0.0905625
2.713	-0.6055625
2.714	-1.35325
2.715	-1.176438
2.716	-0.649875
2.717	-0.545
2.718	-0.57425
2.719	-0.5376875
2.72	-0.52375
2.721	-0.738625
2.722	-0.929125
2.723	-0.8399375
2.724	-0.66475
2.725	-0.5805
2.726	-0.6315625
2.727	-0.7175
2.728	-0.7351875
2.729	-0.51475
2.73	-0.454
2.731	-0.6626875
2.732	-0.701875
2.733	-0.65325
2.734	-0.6529375
2.735	-0.7766875
2.736	-0.8146875
2.737	-0.717875
2.738	-0.698625
2.739	-0.676625
2.74	-0.6604375
2.741	-0.623
2.742	-0.58
2.743	-0.558375
2.744	-0.54075
2.745	-0.5148125
2.746	-0.49275
2.747	-0.50125
2.748	-0.55
2.749	-0.59775
