Interval=	0.001 s
ExcelDateTime=	4.5714696435963589e+004	2/26/2025 16:42:52.067254
TimeFormat=	StartOfBlock
DateFormat=	
ChannelTitle=	Channel 4
Range=	2.000 mV
4.11	0.601125
4.111	0.514125
4.112	-0.6973125
4.113	-1.719375
4.114	-1.29375
4.115	-0.342875
4.116	-0.9035
4.117	-1.823625
4.118	-1.252813
4.119	0.02175
4.12	0.816125
4.121	0.2368125
4.122	0.1118125
4.123	-0.233
4.124	-1.6865
4.125	NaN
4.126	-0.9274375
4.127	0.8251875
4.128	1.102
4.129	0.2109375
4.13	-0.7204375
4.131	-0.2149375
4.132	0.321875
4.133	-1.3625
4.134	NaN
4.135	-1.934063
4.136	-0.5233125
4.137	0.2955
4.138	-0.6489375
4.139	-1.04075
4.14	-0.9605625
4.141	-0.342125
4.142	0.2025
4.143	-0.098625
4.144	-1.232125
4.145	-1.663625
4.146	-0.7359375
4.147	0.1745
4.148	-0.072875
4.149	-0.2953125
4.15	-0.02975
4.151	-0.3491875
4.152	-0.9986875
4.153	-1.02775
4.154	-0.3879375
4.155	0.06525
4.156	-0.19825
4.157	-0.8348125
4.158	-1.074875
4.159	-1.034688
4.16	-0.81275
4.161	-0.661125
4.162	-0.7415
4.163	-0.0348125
4.164	1.645625
4.165	1.393688
4.166	-0.57925
4.167	-1.963563
4.168	-1.735875
4.169	1.025438
4.17	1.477688
4.171	0.0284375
4.172	-0.534
4.173	-1.363
4.174	-1.503
4.175	-1.063375
4.176	-0.633
4.177	-0.092625
4.178	-0.2998125
4.179	-1.571125
4.18	NaN
4.181	-1.232188
4.182	-0.16475
4.183	0.1499375
4.184	0.2581875
4.185	0.5824375
4.186	0.5245625
4.187	-0.44625
4.188	-0.7345625
4.189	-0.0680625
4.19	0.2943125
4.191	-0.34625
4.192	-1.128
4.193	-0.80825
4.194	-0.3818125
4.195	-0.526875
4.196	-0.692125
4.197	-0.7734375
4.198	-0.9705625
4.199	-1.636813
4.2	NaN
4.201	-1.035187
4.202	-0.274125
4.203	-0.64175
4.204	-0.619875
4.205	-0.18775
4.206	0.18375
4.207	-0.0646875
4.208	-0.389875
4.209	-0.128125
4.21	0.135
4.211	1.503688
4.212	1.381312
4.213	-0.874125
4.214	NaN
4.215	-1.852875
4.216	-0.2899375
4.217	0.0438125
4.218	-0.523375
4.219	0.08275
4.22	-0.2725
4.221	-1.277688
4.222	-0.3700625
4.223	0.594125
4.224	-0.4816875
4.225	-1.791688
4.226	-1.99175
4.227	-0.619875
4.228	0.6625
4.229	0.8494375
4.23	0.6393125
4.231	-0.685
4.232	NaN
4.233	-1.756312
4.234	-0.6581875
4.235	-0.1469375
4.236	0.2245625
4.237	0.817125
4.238	0.7455625
4.239	-0.8264375
4.24	NaN
4.241	NaN
4.242	-0.9999375
4.243	0.2009375
4.244	-0.356875
4.245	-0.973875
4.246	-1.080875
4.247	-1.124
4.248	-1.139
4.249	-0.8986875
4.25	0.1609375
4.251	0.9544375
4.252	0.1533125
4.253	-1.456125
4.254	-1.87675
4.255	-0.239
4.256	0.654625
4.257	-0.5886875
4.258	-1.149625
4.259	-0.996125
4.26	-0.9691875
4.261	-0.7051875
4.262	-0.6085
4.263	-0.6383125
4.264	-0.4696875
4.265	-0.2084375
4.266	-0.1918125
4.267	-0.074
4.268	-0.555625
4.269	-0.820125
4.27	-0.7215
4.271	-0.9355
4.272	-0.480875
4.273	0.4465
4.274	0.88175
4.275	0.0065
4.276	-1.380125
4.277	-0.9623125
4.278	0.5575
4.279	-0.4386875
4.28	-1.537313
4.281	-0.8049375
4.282	-0.7429375
4.283	-1.131312
4.284	-0.63675
4.285	0.2459375
4.286	0.433875
4.287	-0.537375
4.288	-1.845375
4.289	-1.779313
4.29	-0.6285625
4.291	-0.205375
4.292	-0.653625
4.293	-0.83675
4.294	-0.699375
4.295	-0.725625
4.296	-0.9063125
4.297	-0.964625
4.298	-0.398875
4.299	0.50375
4.3	0.5745625
4.301	-0.490875
4.302	-1.46475
4.303	-1.373625
4.304	-0.656375
4.305	-0.2150625
4.306	0.2153125
4.307	0.6118125
4.308	0.1504375
4.309	-0.877875
4.31	-1.314
4.311	-0.72525
4.312	-0.2356875
4.313	0.617375
4.314	0.764625
4.315	-1.146438
4.316	NaN
4.317	-1.762688
4.318	0.3629375
4.319	1.273
4.32	0.18525
4.321	-0.55225
4.322	-0.8966875
4.323	-0.0371875
4.324	0.8564375
4.325	0.220875
4.326	-1.2655
4.327	-1.121063
4.328	0.046875
4.329	0.073625
4.33	-0.314375
4.331	-0.321125
4.332	0.136625
4.333	0.3829375
4.334	-0.464
4.335	-2.012437
4.336	-1.62
4.337	0.348875
4.338	0.91175
4.339	0.6858125
4.34	0.589375
4.341	0.3939375
4.342	-0.5134375
4.343	-1.045
4.344	-0.770125
4.345	-0.7245
4.346	-0.85975
4.347	-1.132313
4.348	-1.072437
4.349	-0.8944375
4.35	-0.7298125
4.351	-0.459625
4.352	0.4123125
4.353	1.794063
4.354	1.787938
4.355	-0.0118125
4.356	-1.304688
4.357	-0.7175
4.358	0.219
4.359	0.2105
4.36	-0.0213125
4.361	-0.03875
4.362	0.0088125
4.363	-0.1385
4.364	-0.8283125
4.365	-1.343
4.366	-1.336437
4.367	-0.62425
4.368	0.0195625
4.369	-0.0360625
4.37	0.2305
4.371	-0.143375
4.372	-1.147438
4.373	-1.173563
4.374	-0.2894375
4.375	0.3491875
4.376	-0.0195
4.377	-0.413
4.378	-0.763625
4.379	-0.9451875
4.38	-0.6195625
4.381	-0.32375
4.382	0.493375
4.383	1.609438
4.384	0.998125
4.385	-0.9295625
4.386	-2.03025
4.387	-0.7449375
4.388	1.39175
4.389	0.387125
4.39	-1.622688
4.391	-0.8620625
4.392	0.3200625
4.393	-0.3168125
4.394	-0.9680625
4.395	-0.7865625
4.396	-0.249875
4.397	-0.127875
4.398	-0.4575
4.399	-0.8789375
4.4	-1.020813
4.401	-0.5336875
4.402	-0.088625
4.403	0.23175
4.404	0.78175
4.405	0.7866875
4.406	0.1345625
4.407	-0.3000625
4.408	-0.026
4.409	0.7603125
4.41	-0.2119375
4.411	-1.4025
4.412	-1.265188
4.413	-0.900625
4.414	-0.26875
4.415	-0.4823125
4.416	-0.949375
4.417	-0.769875
4.418	-0.6205625
4.419	-0.427375
4.42	-0.2614375
4.421	-0.291
4.422	-0.4558125
4.423	-0.689875
4.424	-0.39025
4.425	-0.181
4.426	-0.3705
4.427	0.022625
4.428	0.52875
4.429	0.8879375
4.43	1.01825
4.431	0.3134375
4.432	-0.32325
4.433	-0.63775
4.434	-1.187875
4.435	-0.8006875
4.436	0.1195
4.437	0.1036875
4.438	-0.2215625
4.439	-0.0531875
4.44	0.3681875
4.441	0.0301875
4.442	-1.015625
4.443	-1.39275
4.444	-0.62675
4.445	-0.02775
4.446	-0.413875
4.447	-0.90175
4.448	-0.7935
4.449	-0.6445625
4.45	-0.61
4.451	-0.2103125
4.452	0.2220625
4.453	0.0629375
4.454	-0.4315625
4.455	-0.2215625
4.456	0.5423125
4.457	-0.041
4.458	-1.017813
4.459	-0.6774375
4.46	0.472875
4.461	0.6013125
4.462	-0.1903125
4.463	-0.628375
4.464	-0.9970625
4.465	-0.206875
4.466	0.533625
4.467	-0.172
4.468	-0.6474375
4.469	-0.4245625
4.47	0.0634375
4.471	0.00525
4.472	-0.54225
4.473	-0.1990625
4.474	0.8463125
4.475	0.8975625
4.476	-0.8126875
4.477	NaN
4.478	-0.7395625
4.479	0.6890625
4.48	0.1995625
4.481	-0.55075
4.482	-0.297375
4.483	0.1353125
4.484	-0.5704375
4.485	-0.391
4.486	1.547625
4.487	1.7915
4.488	0.1695
4.489	-0.9931875
4.49	-1.8145
4.491	-1.094813
4.492	0.23
4.493	-0.3811875
4.494	-0.8025625
4.495	-0.6348125
4.496	-0.7195625
4.497	-0.6085625
4.498	-0.57475
4.499	-0.58125
4.5	-0.6134375
4.501	-0.7175625
4.502	-0.7079375
4.503	-0.371875
4.504	0.14225
4.505	0.042375
4.506	-0.32
4.507	-0.0718125
4.508	0.7166875
4.509	0.8931875
4.51	-0.0604375
4.511	-0.9934375
4.512	-0.8479375
4.513	-0.22825
4.514	-0.4243125
4.515	-0.6903125
4.516	-0.70075
4.517	-0.68225
4.518	-0.28325
4.519	0.026
4.52	0.2185
4.521	0.0280625
4.522	-0.292625
4.523	0.704875
4.524	1.613375
4.525	0.8831875
4.526	-0.825625
4.527	-1.656063
4.528	-0.728
4.529	0.5559375
4.53	0.7260625
4.531	-0.292
4.532	-0.7970625
4.533	-0.274875
4.534	0.2790625
4.535	-0.1856875
4.536	-1.325125
4.537	-1.094688
4.538	0.0129375
4.539	0.7004375
4.54	1.537813
4.541	1.21275
4.542	-0.88675
4.543	NaN
4.544	-1.044313
4.545	0.53675
4.546	0.235625
4.547	-0.6646875
4.548	-0.4488125
4.549	-0.266375
4.55	-0.218875
4.551	0.1580625
4.552	-0.0840625
4.553	-0.5986875
4.554	-0.0710625
4.555	0.730625
4.556	0.5309375
4.557	-0.9419375
4.558	NaN
4.559	-0.4035
4.56	1.387563
4.561	0.3718125
4.562	-0.724875
4.563	-0.8281875
4.564	-0.5271875
4.565	-0.372375
4.566	-0.065
4.567	0.4595
4.568	0.6543125
4.569	0.48275
4.57	0.4108125
4.571	0.79475
4.572	-0.1485
4.573	NaN
4.574	-1.117813
4.575	1.355125
4.576	1.119
4.577	-0.1471875
4.578	-1.191125
4.579	-1.367687
4.58	-0.5959375
4.581	-0.37
4.582	-0.6990625
4.583	-0.6458125
4.584	-0.2248125
4.585	0.0158125
4.586	-0.0776875
4.587	-0.3875625
4.588	-0.6725
4.589	-0.5195625
4.59	-0.148125
4.591	0.2104375
4.592	0.407375
4.593	0.1856875
4.594	0.2004375
4.595	0.534875
4.596	-0.072875
4.597	-1.575375
4.598	-1.106
4.599	0.1038125
4.6	0.16675
4.601	0.3163125
4.602	0.4455625
4.603	0.3935625
4.604	-0.22975
4.605	-0.143
4.606	0.6076875
4.607	-0.1500625
4.608	-0.7028125
4.609	-0.431625
4.61	-0.499625
4.611	-0.7005625
4.612	-0.70775
4.613	-0.369625
4.614	-0.416875
4.615	-0.806625
4.616	-0.7224375
4.617	-0.37
4.618	-0.3405
4.619	-0.4419375
4.62	-0.426625
4.621	-0.063625
4.622	0.3798125
4.623	0.1051875
4.624	-0.380125
4.625	-0.3590625
4.626	-0.000125
4.627	-0.003875
4.628	-0.1346875
4.629	0.45175
4.63	0.2326875
4.631	-0.4153125
4.632	-0.1269375
4.633	0.17
4.634	0.349125
4.635	-0.1170625
4.636	-1.073125
4.637	-1.402375
4.638	-0.216
4.639	0.7241875
4.64	0.091625
4.641	-0.3388125
4.642	-0.53725
4.643	-0.8225
4.644	-0.5559375
4.645	0.447875
4.646	1.038375
4.647	0.3981875
4.648	-0.3753125
4.649	-0.47675
4.65	0.0225625
4.651	0.1200625
4.652	-0.3055625
4.653	-0.8478125
4.654	-0.93125
4.655	-0.223
4.656	0.102125
4.657	-0.1920625
4.658	-0.305375
4.659	-0.4229375
4.66	-0.571
4.661	-0.3935625
4.662	-0.30425
4.663	-0.2669375
4.664	-0.2538125
4.665	-0.4241875
4.666	-0.6200625
4.667	-0.332
4.668	0.271125
4.669	0.2154375
4.67	-0.1914375
4.671	-0.4705625
4.672	-0.543625
4.673	0.122875
4.674	0.9594375
4.675	0.70075
4.676	-0.3923125
4.677	-0.5459375
4.678	-0.3803125
4.679	-0.7575
4.68	-0.5276875
4.681	-0.202125
4.682	-0.47125
4.683	-0.584625
4.684	-0.5031875
4.685	-0.44975
4.686	-0.4166875
4.687	-0.127125
4.688	0.7285
4.689	1.313563
4.69	0.80875
4.691	-0.0891875
4.692	-0.4370625
4.693	-0.18925
4.694	-0.3866875
4.695	-0.7788125
4.696	-0.1968125
4.697	-0.1118125
4.698	-0.4719375
4.699	-0.37525
4.7	-0.1791875
4.701	-0.45125
4.702	-0.8739375
4.703	-0.060375
4.704	0.600875
4.705	0.244125
4.706	-0.4156875
4.707	-0.6746875
4.708	0.1853125
4.709	0.4645625
4.71	-0.0216875
4.711	-0.7169375
4.712	-1.23375
4.713	-0.5063125
4.714	-0.1424375
4.715	-0.4096875
4.716	-0.3325
4.717	-0.1764375
4.718	-0.2014375
4.719	-0.1245625
4.72	0.163375
4.721	-0.1173125
4.722	-0.5455625
4.723	0.09375
4.724	0.362625
4.725	-0.01275
4.726	-0.13775
4.727	-0.387375
4.728	-0.3478125
4.729	-0.1704375
4.73	0.2853125
4.731	0.3801875
4.732	-0.3103125
4.733	-0.6925
4.734	-0.5965625
4.735	-0.267375
4.736	-0.01975
4.737	0.1064375
4.738	0.2295625
4.739	0.4679375
4.74	0.4644375
4.741	-0.1074375
4.742	-0.6350625
4.743	-0.6470625
4.744	-0.4203125
4.745	0.0085625
4.746	0.633
4.747	0.3129375
4.748	-1.096688
4.749	-1.231188
4.75	0.3860625
4.751	1.93025
4.752	1.625938
4.753	-0.616
4.754	NaN
4.755	-1.526625
4.756	-0.0608125
4.757	0.1856875
4.758	-0.244625
4.759	-0.3665625
4.76	-0.497375
4.761	-0.4798125
4.762	-0.4260625
4.763	-0.41625
4.764	-0.3790625
4.765	-0.365875
4.766	-0.386
4.767	-0.351875
4.768	-0.3034375
4.769	-0.17925
4.77	-0.1073125
4.771	-0.026375
4.772	0.2609375
4.773	0.6003125
4.774	0.5380625
4.775	-0.0145
4.776	-0.538125
4.777	-0.5255625
4.778	0.1363125
4.779	0.9063125
4.78	0.9678125
4.781	0.1765
4.782	-0.9228125
4.783	-0.607
4.784	0.315625
4.785	-0.16
4.786	-0.2995
4.787	-0.23825
4.788	-0.4399375
4.789	-0.4401875
4.79	-0.4665625
4.791	-0.438875
4.792	-0.5049375
4.793	-0.5525625
4.794	-0.49925
4.795	-0.3293125
4.796	-0.2934375
4.797	-0.5918125
4.798	-0.5010625
4.799	-0.0878125
4.8	-0.03775
4.801	-0.082375
4.802	-0.2205625
4.803	-0.373625
4.804	-0.35125
4.805	-0.2393125
4.806	-0.067125
4.807	-0.0661875
4.808	0.2523125
4.809	0.087375
4.81	-0.70075
4.811	-0.4099375
4.812	0.3233125
4.813	0.8719375
4.814	1.675688
4.815	1.737188
4.816	0.7435
4.817	-0.3934375
4.818	-0.9856875
4.819	-0.36925
4.82	-0.2795
4.821	-0.6670625
4.822	-0.6968125
4.823	-0.8133125
4.824	-0.667375
4.825	-0.4828125
4.826	-0.5334375
4.827	-0.494875
4.828	-0.3268125
4.829	-0.3158125
4.83	-0.515375
4.831	-0.4521875
4.832	-0.19375
4.833	-0.4131875
4.834	-0.392
4.835	0.1783125
4.836	0.6785625
4.837	0.0055625
4.838	-1.334813
4.839	-0.6178125
4.84	0.9130625
4.841	0.38475
4.842	-0.2385
4.843	-0.023875
4.844	-0.218375
4.845	-0.323875
4.846	-0.18275
4.847	-0.0305
4.848	-0.2831875
4.849	-0.480125
4.85	-0.0558125
4.851	0.471625
4.852	1.260688
4.853	1.423
4.854	-0.0075
4.855	-1.435188
4.856	-1.280188
4.857	-0.3636875
4.858	-0.1468125
4.859	-0.398625
4.86	-0.2416875
4.861	-0.028375
4.862	-0.023625
4.863	-0.1416875
4.864	-0.4604375
4.865	-0.6610625
4.866	-0.1566875
4.867	0.6175
4.868	0.1348125
4.869	-0.563
4.87	-0.2409375
4.871	0.5145
4.872	0.6155625
4.873	-0.025375
4.874	-0.5391875
4.875	-0.570875
4.876	-0.2898125
4.877	-0.4390625
4.878	-0.50825
4.879	-0.3003125
4.88	-0.2498125
4.881	-0.3041875
4.882	-0.552875
4.883	-0.65775
4.884	-0.4945
4.885	-0.2304375
4.886	-0.1695
4.887	-0.1518125
4.888	0.22375
4.889	0.528625
4.89	0.679375
4.891	0.239875
4.892	-0.04925
4.893	0.413125
4.894	0.164
4.895	-0.6003125
4.896	-0.6016875
4.897	0.385125
4.898	0.7384375
4.899	0.123
4.9	-0.035
4.901	0.219
4.902	0.05075
4.903	-0.807125
4.904	-1.210813
4.905	-0.665125
4.906	-0.1705625
4.907	0.0408125
4.908	0.0169375
4.909	-0.0956875
4.91	-0.103625
4.911	-0.248625
4.912	-0.50425
4.913	-0.5458125
4.914	-0.3654375
4.915	-0.2525625
4.916	-0.2028125
4.917	-0.1495
4.918	-0.244625
4.919	-0.2415
4.92	-0.123375
4.921	-0.228375
4.922	-0.0411875
4.923	0.602375
4.924	0.739375
4.925	0.5586875
4.926	0.0015
4.927	-0.2005
4.928	0.1334375
4.929	-0.403375
4.93	0.107375
4.931	0.91525
4.932	0.0958125
4.933	-0.70225
4.934	-0.9848125
4.935	-0.838625
4.936	-0.230625
4.937	-0.108
4.938	-0.2588125
4.939	-0.2089375
4.94	-0.3803125
4.941	-0.2446875
4.942	-0.1574375
4.943	-0.3091875
4.944	-0.237625
4.945	-0.0369375
4.946	0.193
4.947	0.4039375
4.948	0.324625
4.949	-0.3571875
4.95	-1.14875
4.951	-0.7409375
4.952	-0.0884375
4.953	-0.019875
4.954	0.1506875
4.955	0.1818125
4.956	0.0159375
4.957	-0.399
4.958	-0.52275
4.959	-0.374125
4.96	-0.229
4.961	0.3214375
4.962	0.8040625
4.963	0.9351875
4.964	0.741
4.965	-0.027125
4.966	-0.2563125
4.967	-0.05625
4.968	0.0841875
4.969	-0.1671875
4.97	-1.039
4.971	-1.0225
4.972	-0.2560625
4.973	-0.0551875
4.974	-0.2655
4.975	-0.316875
4.976	-0.3094375
4.977	-0.226125
4.978	-0.145375
4.979	-0.21025
4.98	0.031125
4.981	0.0855
4.982	-0.4944375
4.983	-0.559625
4.984	-0.406625
4.985	-0.516625
4.986	-0.1085
4.987	0.1089375
4.988	-0.0006875
4.989	-0.2406875
4.99	-0.120875
4.991	0.465625
4.992	0.4181875
4.993	0.0509375
4.994	-0.194375
4.995	-0.43275
4.996	-0.6335625
4.997	-0.553
4.998	-0.4069375
4.999	-0.3261875
5	-0.2268125
5.001	-0.2241875
5.002	0.1394375
5.003	1.037938
5.004	1.3455
5.005	0.386375
5.006	-0.656125
5.007	-0.883
5.008	-0.3435625
5.009	0.356625
5.01	0.701875
5.011	0.7096875
5.012	0.028875
5.013	-0.1869375
5.014	0.105875
5.015	-0.1103125
5.016	-0.262125
5.017	-0.665125
5.018	-0.885625
5.019	-0.602625
5.02	-0.434
5.021	-0.2948125
5.022	-0.124375
5.023	-0.075875
5.024	-0.17775
5.025	-0.0730625
5.026	0.2086875
5.027	0.3495
5.028	0.28175
5.029	-0.3278125
5.03	-0.8925
5.031	-0.7885625
5.032	0.01775
5.033	0.25775
5.034	-0.4463125
5.035	-0.468375
5.036	-0.105125
5.037	-0.0735625
5.038	-0.199
5.039	-0.2043125
5.04	0.1696875
5.041	0.639875
5.042	0.62425
5.043	-0.3844375
5.044	-0.9979375
5.045	-0.629625
5.046	-0.41425
5.047	-0.2920625
5.048	-0.267875
5.049	-0.35125
5.05	-0.4115
5.051	-0.2485625
5.052	0.132375
5.053	0.332625
5.054	0.1138125
5.055	-0.0196875
5.056	0.3075625
5.057	0.6808125
5.058	0.3639375
5.059	0.1344375
5.06	0.3718125
5.061	-0.17375
5.062	-0.8501875
5.063	-0.7953125
5.064	-0.07
5.065	0.2576875
5.066	-0.329375
5.067	-0.746625
5.068	-0.518125
5.069	-0.0235625
5.07	0.3213125
5.071	0.1980625
5.072	-0.3835625
5.073	-0.4764375
5.074	-0.178625
5.075	-0.292375
5.076	-0.4519375
5.077	-0.2545625
5.078	-0.1496875
5.079	-0.2225
5.08	-0.213
5.081	-0.0155
5.082	0.319625
5.083	0.624125
5.084	0.30525
5.085	-0.827625
5.086	-0.9989375
5.087	-0.07
5.088	0.245
5.089	-0.12075
5.09	-0.37325
5.091	-0.3326875
5.092	-0.4168125
5.093	-0.5345625
5.094	-0.2731875
5.095	0.11425
5.096	0.1089375
5.097	-0.0955
5.098	0.0135
5.099	0.04825
5.1	0.197125
5.101	0.381375
5.102	0.3625625
5.103	0.5795625
5.104	0.068375
5.105	-0.5339375
5.106	-0.064125
5.107	0.18825
5.108	-0.2303125
5.109	-0.3285625
5.11	0.001875
5.111	-0.126875
5.112	-0.4631875
5.113	-0.5388125
5.114	-0.25175
5.115	0.270125
5.116	0.720125
5.117	0.4294375
5.118	-0.4735
5.119	-0.749125
5.12	-0.333875
5.121	0.2931875
5.122	0.524625
5.123	0.1126875
5.124	-0.243625
5.125	-0.4029375
5.126	-0.5104375
5.127	-0.445375
5.128	-0.4266875
5.129	-0.4966875
5.13	-0.3439375
5.131	0.1843125
5.132	0.278125
5.133	-0.410625
5.134	-1.203375
5.135	-1.031313
5.136	0.2053125
5.137	0.73375
5.138	0.3586875
5.139	-0.0298125
5.14	-0.2978125
5.141	-0.1249375
5.142	0.3216875
5.143	0.3915
5.144	0.25975
5.145	0.14025
5.146	0.411125
5.147	0.72825
5.148	0.5925
5.149	0.0939375
5.15	-1.084
5.151	-1.136688
5.152	0.6255625
5.153	1.136063
5.154	0.0314375
5.155	-0.603375
5.156	-0.3508125
5.157	-0.089375
5.158	-0.037875
5.159	-0.1456875
5.16	-0.4059375
5.161	-0.4255625
5.162	-0.364375
5.163	-0.420125
5.164	-0.5325625
5.165	-0.4954375
5.166	-0.46325
5.167	-0.505875
5.168	-0.2883125
5.169	0.0818125
5.17	0.1826875
5.171	-0.01475
5.172	0.0939375
5.173	0.1413125
5.174	0.1818125
5.175	0.24725
5.176	0.254
5.177	-0.000625
5.178	-0.73675
5.179	-0.579125
5.18	-0.1054375
5.181	0.3225
5.182	0.2985625
5.183	0.20225
5.184	0.6515
5.185	0.445875
5.186	-0.29
5.187	-0.85925
5.188	-0.6181875
5.189	-0.3605625
5.19	-0.0703125
5.191	0.26675
5.192	0.0940625
5.193	0.0485
5.194	-0.2435625
5.195	-0.397625
5.196	-0.120125
5.197	-0.3123125
5.198	-0.181625
5.199	0.2576875
5.2	0.2069375
5.201	-0.072875
5.202	-0.5090625
5.203	-0.50125
5.204	-0.0035625
5.205	0.0761875
5.206	-0.137
5.207	0.0775
5.208	0.3690625
5.209	0.0980625
5.21	-0.535625
5.211	-0.8175
5.212	-0.9745
5.213	-0.5305625
5.214	0.7260625
5.215	1.150438
5.216	0.7586875
5.217	0.0855625
5.218	-0.15625
5.219	0.535875
5.22	0.9200625
5.221	0.170125
5.222	-0.7974375
5.223	-0.4366875
5.224	0.2209375
5.225	-0.048
5.226	-0.2403125
5.227	-0.3763125
5.228	-0.61125
5.229	-0.4738125
5.23	-0.0575625
5.231	0.3993125
5.232	0.1538125
5.233	-0.4619375
5.234	-0.2499375
5.235	0.1283125
5.236	-0.207375
5.237	-0.556
5.238	-0.1443125
5.239	0.254625
5.24	0.215875
5.241	-0.0348125
5.242	-0.190125
5.243	0.3746875
5.244	0.3710625
5.245	-0.5810625
5.246	-0.625625
5.247	-0.56175
5.248	-0.3594375
5.249	0.2365625
5.25	0.0386875
5.251	-0.316875
5.252	-0.33125
5.253	-0.30425
5.254	-0.332875
5.255	-0.228625
5.256	-0.00275
5.257	0.14
5.258	0.0270625
5.259	-0.4210625
5.26	-0.254625
5.261	0.210625
5.262	0.0935
5.263	-0.1814375
5.264	-0.455375
5.265	-0.4176875
5.266	0.2555
5.267	0.7459375
5.268	0.0466875
5.269	-0.320625
5.27	0.4525
5.271	0.56925
5.272	0.1704375
5.273	0.0805625
5.274	-0.216375
5.275	-0.11125
5.276	0.2945625
5.277	0.178875
5.278	-0.1139375
5.279	-0.4369375
5.28	-0.4179375
5.281	0.199375
5.282	0.4923125
5.283	0.0654375
5.284	-0.3658125
5.285	-0.34675
5.286	-0.542125
5.287	-0.674
5.288	-0.0151875
5.289	0.5610625
5.29	0.3870625
5.291	-0.4070625
5.292	-0.936375
5.293	-0.9128125
5.294	-0.5715
5.295	0.1785625
5.296	0.6971875
5.297	0.6499375
5.298	0.202
5.299	-0.1400625
5.3	0.149
5.301	0.147625
5.302	0.381
5.303	0.8885
5.304	0.2345
5.305	-0.43375
5.306	-0.3785
5.307	-0.2460625
5.308	-0.070375
5.309	-0.12925
5.31	-0.36225
5.311	-0.4506875
5.312	-0.462625
5.313	-0.506875
5.314	-0.4335625
5.315	0.2749375
5.316	0.8516875
5.317	0.8396875
5.318	-0.6145625
5.319	-2.026313
5.32	-0.913625
5.321	0.3108125
5.322	0.2883125
5.323	-0.1425625
5.324	-0.05725
5.325	0.065625
5.326	-0.2701875
5.327	-0.27475
5.328	-0.2085
5.329	-0.1930625
5.33	0.2701875
5.331	0.7074375
5.332	0.523125
5.333	-0.052875
5.334	-0.4000625
5.335	-0.27975
5.336	0.1735
5.337	0.650625
5.338	1.10725
5.339	0.933
5.34	-0.3986875
5.341	-1.217313
5.342	-0.7406875
5.343	0.0196875
5.344	0.672375
5.345	1.173375
5.346	0.6278125
5.347	-0.9055625
5.348	-1.674875
5.349	-0.6150625
5.35	0.2886875
5.351	-0.189875
5.352	-0.6526875
5.353	-0.8318125
5.354	-0.6404375
5.355	0.302375
5.356	1.059063
5.357	0.694375
5.358	0.114125
5.359	-0.4180625
5.36	-0.89925
5.361	-0.152375
5.362	0.399125
5.363	-0.0534375
5.364	-0.306125
5.365	-0.1233125
5.366	0.085625
5.367	-0.129625
5.368	-0.4676875
5.369	-0.374875
5.37	0.00525
5.371	-0.012375
5.372	-0.1913125
5.373	-0.189625
5.374	-0.0941875
5.375	-0.012
5.376	-0.0575625
5.377	-0.1810625
5.378	-0.289125
5.379	-0.3059375
5.38	-0.18425
5.381	0.1803125
5.382	0.182875
5.383	-0.0244375
5.384	-0.1874375
5.385	-0.26025
5.386	0.2245625
5.387	0.3955
5.388	-0.1811875
5.389	-0.28925
5.39	0.79075
5.391	1.069875
5.392	0.0058125
5.393	-0.804
5.394	-0.620375
5.395	0.4901875
5.396	0.7486875
5.397	0.076125
5.398	-0.2835
5.399	-0.3665625
5.4	-0.226
5.401	-0.25375
5.402	-0.38525
5.403	-0.400375
5.404	-0.4184375
5.405	-0.189125
5.406	0.13425
5.407	0.394125
5.408	0.3339375
5.409	-0.2425
5.41	-0.6444375
5.411	-0.2109375
5.412	0.1438125
5.413	-0.036
5.414	0.1315625
5.415	0.65575
5.416	1.112875
5.417	0.2935
5.418	-1.35675
5.419	-1.43
5.42	-0.0243125
5.421	0.639
5.422	0.10775
5.423	-0.1098125
5.424	0.022
5.425	0.0409375
5.426	-0.234625
5.427	-0.6450625
5.428	-0.5064375
5.429	-0.39725
5.43	-0.1549375
5.431	0.13675
5.432	0.120125
5.433	0.0769375
5.434	-0.2245625
5.435	-0.4000625
5.436	-0.0954375
5.437	0.797375
5.438	1.616875
5.439	1.207625
5.44	0.106875
5.441	-0.4706875
5.442	-0.4636875
5.443	-0.3854375
5.444	-0.2450625
5.445	-0.27575
5.446	-0.4266875
5.447	-0.40375
5.448	-0.317125
5.449	-0.178125
5.45	-0.1910625
5.451	-0.2333125
5.452	-0.0303125
5.453	0.5503125
5.454	1.0645
5.455	0.4660625
5.456	-0.47425
5.457	-0.4048125
5.458	-0.0661875
5.459	0.006875
5.46	-0.203
5.461	-0.4411875
5.462	-0.26475
5.463	-0.1126875
5.464	-0.1765625
5.465	-0.2868125
5.466	-0.1505625
5.467	0.1415
5.468	0.003
5.469	-0.2298125
5.47	-0.312875
5.471	-0.1334375
5.472	-0.1758125
5.473	-0.5048125
5.474	-0.469625
5.475	-0.2858125
5.476	-0.0260625
5.477	0.0903125
5.478	0.3870625
5.479	0.4980625
5.48	-0.14775
5.481	-0.3098125
5.482	-0.31875
5.483	-0.4426875
5.484	0.289875
5.485	1.201938
5.486	1.89875
5.487	1.195188
5.488	-0.508125
5.489	-1.058437
5.49	-0.6461875
5.491	0.1901875
5.492	0.515125
5.493	-0.1451875
5.494	-0.5485
5.495	-0.39775
5.496	-0.42425
5.497	-0.6204375
5.498	-0.6539375
5.499	-0.5400625
5.5	-0.5238125
5.501	-0.5635
5.502	-0.09375
5.503	0.6853125
5.504	0.742375
5.505	-0.0008125
5.506	-0.7413125
5.507	-0.5465625
5.508	0.58475
5.509	1.097188
5.51	0.53225
5.511	0.055
5.512	-0.2935
5.513	-0.4436875
5.514	-0.218625
5.515	-0.158
5.516	-0.125875
5.517	0.29275
5.518	0.95475
5.519	1.08725
5.52	0.4075
5.521	-0.4284375
5.522	-0.987
5.523	-0.3980625
5.524	0.4668125
5.525	0.59225
5.526	0.8025
5.527	0.3729375
5.528	-0.7134375
5.529	-1.14925
5.53	-0.646875
5.531	-0.15275
5.532	0.027125
5.533	-0.0071875
5.534	-0.14075
5.535	-0.3645
5.536	-0.3608125
5.537	-0.2185625
5.538	-0.2789375
5.539	-0.221375
5.54	0.0055625
5.541	0.056375
5.542	-0.1730625
5.543	-0.2916875
5.544	-0.259125
5.545	-0.276
5.546	-0.244
5.547	-0.2250625
5.548	-0.1965625
5.549	-0.102875
5.55	-0.1226875
5.551	-0.0289375
5.552	0.20925
5.553	0.4370625
5.554	0.4221875
5.555	0.217875
5.556	0.3085
5.557	0.4451875
5.558	0.26975
5.559	-0.07625
5.56	-0.2975625
5.561	-0.357375
5.562	-0.5758125
5.563	-0.4555625
5.564	0.3163125
5.565	1.235
5.566	1.260188
5.567	-0.330625
5.568	-1.350875
5.569	-0.627375
5.57	0.4043125
5.571	0.300125
5.572	-0.4355
5.573	-0.5650625
5.574	-0.473
5.575	-0.3890625
5.576	-0.309
5.577	0.0008125
5.578	0.5461875
5.579	0.70425
5.58	0.2364375
5.581	-0.2140625
5.582	-0.27625
5.583	-0.2740625
5.584	-0.3608125
5.585	-0.2683125
5.586	0.0101875
5.587	-0.0315625
5.588	0.185375
5.589	0.994625
5.59	1.41025
5.591	0.661125
5.592	-0.892125
5.593	-1.193
5.594	0.1295
5.595	0.7674375
5.596	-0.054625
5.597	-0.3446875
5.598	0.25425
5.599	0.0695625
5.6	-0.4790625
5.601	-0.1983125
5.602	0.4385
5.603	0.625
5.604	0.6235
5.605	0.1131875
5.606	-0.511375
5.607	-0.5170625
5.608	-0.336
5.609	-0.0179375
5.61	-0.0375625
5.611	-0.5068125
5.612	-0.5875625
5.613	-0.4401875
5.614	-0.106
5.615	0.089625
5.616	-0.32425
5.617	-0.3149375
5.618	0.0469375
5.619	0.0563125
5.62	0.021625
5.621	0.1665625
5.622	0.3361875
5.623	0.400625
5.624	0.5469375
5.625	0.46525
5.626	0.017375
5.627	-0.6513125
5.628	-0.8310625
5.629	-0.353
5.63	-0.08025
5.631	-0.1499375
5.632	-0.2318125
5.633	-0.228125
5.634	-0.2354375
5.635	-0.224
5.636	-0.175875
5.637	-0.0735625
5.638	0.1543125
5.639	0.2585625
5.64	0.211875
5.641	0.523625
5.642	0.83525
5.643	0.8745
5.644	0.1563125
5.645	-1.278063
5.646	-1.25225
5.647	0.356625
5.648	1.013313
5.649	0.3234375
5.65	-0.3176875
5.651	-0.5775
5.652	-0.461625
5.653	-0.1764375
5.654	-0.1458125
5.655	-0.1171875
5.656	0.27675
5.657	0.4293125
5.658	-0.133875
5.659	-0.826625
5.66	-0.47925
5.661	0.235625
5.662	-0.017125
5.663	-0.2670625
5.664	-0.155375
5.665	0.003375
5.666	0.258625
5.667	0.488875
5.668	0.4209375
5.669	-0.3355625
5.67	-0.6291875
5.671	-0.1574375
5.672	0.057875
5.673	0.2659375
5.674	0.2298125
5.675	-0.120125
5.676	-0.0103125
5.677	0.473375
5.678	0.506375
5.679	0.3546875
5.68	0.714125
5.681	0.4603125
5.682	-0.6570625
5.683	-1.161063
5.684	-0.6860625
5.685	0.078375
5.686	0.2345
5.687	-0.179875
5.688	-0.378875
5.689	-0.3465625
5.69	-0.3066875
5.691	-0.20575
5.692	-0.1459375
5.693	-0.3829375
5.694	-0.48975
5.695	-0.19075
5.696	0.155125
5.697	0.220875
5.698	0.000375
5.699	0.004
5.7	0.16425
5.701	-0.0428125
5.702	-0.2285
5.703	-0.16625
5.704	-0.0310625
5.705	0.124875
5.706	0.6554375
5.707	1.292625
5.708	0.95675
5.709	-0.2104375
5.71	-1.350375
5.711	-0.782625
5.712	0.503125
5.713	0.2479375
5.714	-0.3763125
5.715	-0.3718125
5.716	-0.3350625
5.717	-0.434125
5.718	-0.4366875
5.719	-0.1604375
5.72	0.2755625
5.721	0.29425
5.722	0.0898125
5.723	0.2189375
5.724	0.425875
5.725	0.3038125
5.726	0.2144375
5.727	0.120375
5.728	-0.0293125
5.729	0.0611875
5.73	0.101625
5.731	-0.255875
5.732	-0.091875
5.733	0.16325
5.734	-0.0833125
5.735	-0.506375
5.736	-0.7595
5.737	-0.087
5.738	0.0121875
5.739	-0.4041875
5.74	-0.2230625
5.741	-0.0675
5.742	-0.07
5.743	-0.1705
5.744	-0.203
5.745	-0.201625
5.746	-0.1675625
5.747	0.018375
5.748	0.436
5.749	0.883375
5.75	0.549375
5.751	-0.461125
5.752	-0.974875
5.753	-0.1091875
5.754	0.536875
5.755	0.025625
5.756	-0.2675625
5.757	0.0684375
5.758	-0.143625
5.759	-0.98975
5.76	-0.8719375
5.761	0.09375
5.762	0.4306875
5.763	0.0556875
5.764	-0.194125
5.765	-0.1425
5.766	0.1695625
5.767	0.192875
5.768	-0.082125
5.769	-0.0394375
5.77	0.2718125
5.771	0.33625
5.772	-0.019875
5.773	-0.2564375
5.774	-0.0986875
5.775	0.2554375
5.776	0.41225
5.777	0.358125
5.778	0.138
5.779	-0.12875
5.78	-0.124
5.781	-0.234875
5.782	-0.3823125
5.783	-0.23775
5.784	-0.03475
5.785	0.141875
5.786	-0.176
5.787	-0.58875
5.788	-0.3758125
5.789	0.064625
5.79	0.3505625
5.791	0.5543125
5.792	0.4569375
5.793	0.1365625
5.794	-0.32125
5.795	-0.5085625
5.796	-0.1575
5.797	-0.1110625
5.798	-0.350875
5.799	-0.47825
5.8	-0.339
5.801	-0.2399375
5.802	-0.3034375
5.803	-0.142
5.804	0.0986875
5.805	-0.0050625
5.806	0.165125
5.807	0.47125
5.808	0.1536875
5.809	-0.2909375
5.81	-0.2055
5.811	0.2223125
5.812	0.25275
5.813	0.1285
5.814	0.031
5.815	-0.0163125
5.816	0.11275
5.817	-0.0276875
5.818	-0.2119375
5.819	-0.23725
5.82	-0.1250625
5.821	-0.041625
5.822	-0.1916875
5.823	-0.095875
5.824	0.1349375
5.825	0.1990625
5.826	0.0728125
5.827	-0.150125
5.828	-0.4474375
5.829	-0.423625
5.83	0.224
5.831	0.6930625
5.832	0.0425
5.833	-0.9815
5.834	-0.634125
5.835	-0.0400625
5.836	-0.30225
5.837	-0.6130625
5.838	-0.5200625
5.839	-0.3424375
5.84	-0.0534375
5.841	0.5344375
5.842	0.924625
5.843	0.7048125
5.844	0.0486875
5.845	0.192125
5.846	0.431625
5.847	0.270125
5.848	-0.037375
5.849	-0.5270625
5.85	-0.3820625
5.851	-0.1520625
5.852	-0.3030625
5.853	-0.3925
5.854	-0.2865
5.855	0.0170625
5.856	0.2635
5.857	0.52225
5.858	0.7588125
5.859	0.6121875
5.86	0.2218125
5.861	0.174875
5.862	0.6329375
5.863	-0.0784375
5.864	-1.102062
5.865	-0.599
5.866	0.1975625
5.867	0.0846875
5.868	-0.1191875
5.869	-0.0315625
5.87	-0.6989375
5.871	-0.5138125
5.872	0.5480625
5.873	0.82225
5.874	0.5091875
5.875	-0.682875
5.876	-1.226063
5.877	-0.3635
5.878	0.0368125
5.879	0.0616875
5.88	0.1379375
5.881	-0.16875
5.882	-0.32725
5.883	-0.1566875
5.884	-0.0085
5.885	0.1944375
5.886	-0.0189375
5.887	-0.5101875
5.888	-0.20225
5.889	0.291
5.89	0.3510625
5.891	0.68525
5.892	0.9363125
5.893	0.729875
5.894	0.0805625
5.895	-0.7285
5.896	-0.3686875
5.897	0.2175
5.898	-0.1275625
5.899	-0.3720625
5.9	-0.475625
5.901	-0.6501875
5.902	-0.629125
5.903	-0.2861875
5.904	0.0715625
5.905	0.2204375
5.906	0.11875
5.907	-0.096
5.908	0.151125
5.909	0.1004375
5.91	-0.412375
5.911	-0.421875
5.912	-0.2515625
5.913	-0.5300625
5.914	-0.527125
5.915	-0.079375
5.916	-0.0228125
5.917	-0.081125
5.918	-0.01825
5.919	0.1398125
5.92	0.380875
5.921	0.3315
5.922	-0.3488125
5.923	-1.143625
5.924	-0.7250625
5.925	0.13975
5.926	0.2095625
5.927	0.36875
5.928	0.61675
5.929	0.649375
5.93	0.4345625
5.931	0.383375
5.932	0.401625
5.933	-0.2175
5.934	-0.239375
5.935	0.296625
5.936	0.4373125
5.937	0.0805
5.938	-0.493625
5.939	-0.5843125
5.94	-0.276625
5.941	-0.06275
5.942	-0.143625
5.943	-0.1386875
5.944	-0.0618125
5.945	0.0765
5.946	0.101125
5.947	-0.3666875
5.948	-0.722
5.949	-0.37175
5.95	-0.4784375
5.951	-0.7935
5.952	-0.406375
5.953	-0.2910625
5.954	0.138875
5.955	0.752375
5.956	0.7253125
5.957	0.585875
5.958	-0.009375
5.959	-0.5808125
5.96	-0.5414375
5.961	-0.0223125
5.962	0.8365625
5.963	0.74575
5.964	-0.3846875
5.965	-0.67275
5.966	-0.1095
5.967	0.44275
5.968	0.882625
5.969	0.9519375
5.97	1.295688
5.971	0.80375
5.972	-1.010938
5.973	-1.032
5.974	0.0273125
5.975	0.076375
5.976	-0.00275
5.977	-0.066875
5.978	-0.40975
5.979	-0.6715625
5.98	-0.6515625
5.981	-0.504
5.982	-0.18625
5.983	-0.1859375
5.984	-0.6014375
5.985	-0.771875
5.986	-0.51775
5.987	-0.037875
5.988	0.17725
5.989	0.046625
5.99	-0.015875
5.991	0.021625
5.992	0.067375
5.993	0.1645
5.994	0.1563125
5.995	0.0525625
5.996	-0.1606875
5.997	-0.3968125
5.998	-0.1985
5.999	-0.0786875
6	-0.114
6.001	0.07925
6.002	0.1205
6.003	0.1364375
6.004	0.2820625
6.005	0.345875
6.006	0.2889375
6.007	-0.208625
6.008	-0.6535
6.009	-0.57625
6.01	-0.2804375
6.011	0.05375
6.012	6.25e-005
6.013	-0.083625
6.014	0.4115625
6.015	0.7171875
6.016	0.2915
6.017	-0.405875
6.018	-0.461625
6.019	0.23875
6.02	0.5454375
6.021	0.1730625
6.022	-0.09725
6.023	-0.0684375
6.024	-0.1365625
6.025	-0.1598125
6.026	-0.1198125
6.027	-0.0619375
6.028	-0.1610625
6.029	-0.31575
6.03	-0.2391875
6.031	-0.0100625
6.032	-0.2308125
6.033	-0.69225
6.034	-0.0703125
6.035	0.3135
6.036	-0.0748125
6.037	-0.059875
6.038	0.2778125
6.039	0.457375
6.04	0.1735
6.041	0.054
6.042	0.0881875
6.043	0.067125
6.044	-0.111625
6.045	-0.117125
6.046	0.12225
6.047	0.054125
6.048	0.2465625
6.049	0.077125
6.05	-1.07775
6.051	-1.15275
6.052	-0.2355
6.053	0.3495625
6.054	0.607375
6.055	0.3485
6.056	-0.11575
6.057	0.06675
6.058	0.210625
6.059	-0.0483125
6.06	-0.2715
6.061	-0.236125
6.062	0.01925
6.063	-0.149375
6.064	-0.593625
6.065	-0.6793125
6.066	-0.159625
6.067	-0.0903125
6.068	-0.125875
6.069	0.305
6.07	0.337375
6.071	0.0049375
6.072	-0.19225
6.073	-0.04275
6.074	0.1495
6.075	-0.044
6.076	-0.2263125
6.077	0.150375
6.078	0.506375
6.079	0.2810625
6.08	-0.2375
6.081	-0.811
6.082	-0.5605
6.083	0.2526875
6.084	0.200625
6.085	-0.1389375
6.086	-0.2738125
6.087	-0.2465
6.088	-0.1590625
6.089	-0.1424375
6.09	0.015875
6.091	0.243625
6.092	0.567625
6.093	0.6904375
6.094	0.337125
6.095	-0.12775
6.096	-0.6305
6.097	-0.5298125
6.098	0.0979375
6.099	0.254125
6.1	-0.0261875
6.101	-0.4273125
6.102	-0.389625
6.103	-0.1458125
6.104	-0.0735625
6.105	-0.18925
6.106	-0.2250625
6.107	-0.0938125
6.108	-0.2113125
6.109	-0.2905625
6.11	-0.159375
6.111	-0.03125
6.112	-0.0395625
6.113	-0.1846875
6.114	-0.2581875
6.115	-0.10575
6.116	0.200625
6.117	0.266625
6.118	0.1189375
6.119	-0.2950625
6.12	-0.4898125
6.121	0.4325625
6.122	0.3963125
6.123	-0.4666875
6.124	-0.0506875
6.125	0.991125
6.126	1.269937
6.127	-0.05825
6.128	-0.82925
6.129	-0.044375
6.13	0.580125
6.131	0.710875
6.132	0.429875
6.133	-0.0561875
6.134	-0.4970625
6.135	-0.4553125
6.136	-0.306625
6.137	-0.5781875
6.138	-0.5065
6.139	-0.23
6.14	-0.2004375
6.141	-0.2400625
6.142	-0.0913125
6.143	0.1396875
6.144	0.0803125
6.145	-0.1266875
6.146	-0.165375
6.147	-0.4340625
6.148	-0.650375
6.149	-0.6519375
6.15	-0.4178125
6.151	0.3755
6.152	0.688875
6.153	0.378
6.154	0.028
6.155	0.224125
6.156	1.102813
6.157	1.178625
6.158	-0.2841875
6.159	-1.286375
6.16	-0.6993125
6.161	0.2025625
6.162	0.3791875
6.163	-0.0574375
6.164	-0.0084375
6.165	0.4775
6.166	0.77725
6.167	0.2480625
6.168	-0.4013125
6.169	-0.097875
6.17	-0.1890625
6.171	-0.2659375
6.172	-0.2973125
6.173	-0.570625
6.174	0.002875
6.175	0.1438125
6.176	-0.254375
6.177	-0.338625
6.178	-0.3425
6.179	-0.2751875
6.18	-0.238875
6.181	-0.2570625
6.182	-0.238
6.183	-0.21875
6.184	-0.1810625
6.185	-0.132375
6.186	-0.1665
6.187	-0.151625
6.188	-0.2683125
6.189	-0.247625
6.19	0.12475
6.191	0.3926875
6.192	0.1550625
6.193	-0.472125
6.194	-0.3039375
6.195	0.485125
6.196	0.579125
6.197	-0.131
6.198	-0.3650625
6.199	-0.1245625
6.2	-0.1859375
6.201	-0.234875
6.202	-0.2140625
6.203	-0.1298125
6.204	-0.031125
6.205	0.093125
6.206	0.4335
6.207	0.7080625
6.208	0.7489375
6.209	0.406125
6.21	-0.2695
6.211	-0.5703125
6.212	-0.4459375
6.213	-0.2490625
6.214	-0.1691875
6.215	-0.224
6.216	-0.3529375
6.217	-0.2054375
6.218	-0.082125
6.219	0.04225
6.22	0.3468125
6.221	0.24875
6.222	0.1858125
6.223	0.152875
6.224	-0.17
6.225	-0.246625
6.226	-0.040125
6.227	-0.062375
6.228	-0.1615
6.229	-0.242
6.23	-0.5544375
6.231	-0.5499375
6.232	0.202375
6.233	0.7835625
6.234	0.3116875
6.235	-0.5601875
6.236	-0.4789375
6.237	0.4023125
6.238	0.1584375
6.239	-0.68425
6.24	-0.3329375
6.241	0.3019375
6.242	0.271125
6.243	-0.1721875
6.244	-0.17575
6.245	0.3768125
6.246	0.6935
6.247	0.6085625
6.248	0.0824375
6.249	-0.8911875
6.25	-0.88125
6.251	0.0929375
6.252	0.6741875
6.253	0.699
6.254	0.241875
6.255	-0.4324375
6.256	-0.417
6.257	0.160125
6.258	0.03675
6.259	-0.434375
6.26	-0.6411875
6.261	-0.3053125
6.262	-0.023125
6.263	-0.0505
6.264	-0.4133125
6.265	-0.8624375
6.266	-0.3448125
6.267	-0.1471875
6.268	-0.33925
6.269	0.083375
6.27	0.4800625
6.271	0.318875
6.272	-0.1521875
6.273	-0.2200625
6.274	0.0288125
6.275	0.142125
6.276	0.05925
6.277	-0.072625
6.278	-0.1379375
6.279	-0.1645625
6.28	-0.196625
6.281	-0.1716875
6.282	-0.0725625
6.283	0.027375
6.284	0.13775
6.285	0.33675
6.286	0.3840625
6.287	0.303375
6.288	0.024625
6.289	-0.3976875
6.29	0.1905625
6.291	1.019375
6.292	0.5279375
6.293	-0.346875
6.294	-0.5826875
6.295	-0.269625
6.296	0.169625
6.297	0.195625
6.298	-0.215625
6.299	-0.4241875
6.3	-0.1855625
6.301	0.0203125
6.302	0.12975
6.303	0.1923125
6.304	-0.0265
6.305	-0.3744375
6.306	-0.439625
6.307	-0.0845
6.308	0.3286875
6.309	0.658625
6.31	0.1253125
6.311	-0.7223125
6.312	-0.6049375
6.313	-0.2415625
6.314	0.142375
6.315	0.2883125
6.316	0.0885625
6.317	-0.1949375
6.318	-0.330625
6.319	-0.2173125
6.32	-0.1480625
6.321	-0.2323125
6.322	-0.2295
6.323	-0.1178125
6.324	-0.0445
6.325	0.125625
6.326	0.08675
6.327	-0.0025625
6.328	-0.165375
6.329	-0.6640625
6.33	-0.4686875
6.331	0.3081875
6.332	0.528
6.333	0.269375
6.334	-0.051625
6.335	-0.366125
6.336	-0.3949375
6.337	0.0861875
6.338	0.722625
6.339	0.8078125
6.34	0.5016875
6.341	-0.1200625
6.342	-0.5426875
6.343	0.141625
6.344	1.039
6.345	0.519125
6.346	-0.5646875
6.347	-0.798
6.348	-0.3985625
6.349	-0.1319375
6.35	-0.3509375
6.351	-0.313625
6.352	-0.0911875
6.353	0.06675
6.354	0.1361875
6.355	-0.1000625
6.356	-0.228375
6.357	-0.145625
6.358	-0.1166875
6.359	0.1329375
6.36	0.3133125
6.361	0.2155625
6.362	-0.007375
6.363	-0.4091875
6.364	-0.5275
6.365	-0.2545625
6.366	-0.19425
6.367	-0.297375
6.368	-0.2146875
6.369	0.089875
6.37	0.543125
6.371	0.6256875
6.372	0.363
6.373	-0.387875
6.374	-0.663125
6.375	-0.02975
6.376	0.10825
6.377	0.118875
6.378	0.009375
6.379	-0.1700625
6.38	-0.1316875
6.381	-0.221
6.382	-0.269625
6.383	-0.224625
6.384	-0.1991875
6.385	-0.2915625
6.386	-0.2726875
6.387	-0.0751875
6.388	0.1409375
6.389	0.266125
6.39	0.0720625
6.391	-0.22725
6.392	-0.3640625
6.393	0.02825
6.394	0.4234375
6.395	0.4006875
6.396	0.385125
6.397	0.5001875
6.398	0.7431875
6.399	0.951625
6.4	0.877375
6.401	0.0373125
6.402	-1.160625
6.403	-1.0155
6.404	-0.2618125
6.405	-0.146875
6.406	-0.0083125
6.407	0.1379375
6.408	0.0716875
6.409	-0.23175
6.41	-0.471875
6.411	-0.2299375
6.412	0.062
6.413	-0.109375
6.414	-0.2035
6.415	-0.206125
6.416	-0.301
6.417	-0.2691875
6.418	-0.211
6.419	-0.154875
6.42	-0.091625
6.421	-0.0498125
6.422	-0.063125
6.423	-0.110875
6.424	-0.107625
6.425	-0.0220625
6.426	0.03025
6.427	0.009
6.428	-0.116
6.429	-0.1644375
6.43	-0.0675
6.431	0.0081875
6.432	0.035625
6.433	-0.1065
6.434	-0.2456875
6.435	-0.171625
6.436	0.158375
6.437	0.4481875
6.438	0.69375
6.439	1.127563
6.44	0.6435625
6.441	-0.304
6.442	-0.1414375
6.443	0.14175
6.444	0.07325
6.445	-0.129875
6.446	-0.4961875
6.447	-0.3726875
6.448	-0.0524375
6.449	-0.1103125
6.45	-0.22975
6.451	-0.2368125
6.452	-0.231375
6.453	-0.31725
6.454	-0.2620625
6.455	-0.0435625
6.456	0.029
6.457	-0.02575
6.458	-0.02075
6.459	0.125
6.46	0.129
6.461	-0.03175
6.462	-0.1265625
6.463	0.003375
6.464	0.0005
6.465	-0.2065
6.466	-0.1951875
6.467	-0.1718125
6.468	-0.026375
6.469	0.1855
6.47	0.2955625
6.471	0.2376875
6.472	-0.0516875
6.473	-0.125375
6.474	-0.051375
6.475	-0.0248125
6.476	0.0703125
6.477	0.1598125
6.478	-0.0460625
6.479	-0.5420625
6.48	-0.279875
6.481	0.331625
6.482	0.0274375
6.483	-0.1995625
6.484	0.018625
6.485	-0.0745
6.486	-0.2535625
6.487	-0.2345
6.488	-0.143375
6.489	-0.11225
6.49	-0.1213125
6.491	-0.1123125
6.492	-0.057
6.493	0.0109375
6.494	0.0364375
6.495	-0.0001875
6.496	-0.1181875
6.497	0.0215625
6.498	0.364125
6.499	0.3605
6.5	-0.00625
6.501	-0.254125
6.502	-0.154
6.503	-0.14725
6.504	-0.123375
6.505	-0.11725
6.506	-0.2325
6.507	-0.20175
6.508	-0.0595625
6.509	0.18475
6.51	0.4715
6.511	0.5496875
6.512	0.275875
6.513	-0.03925
6.514	0.1259375
6.515	0.9293125
6.516	0.88175
6.517	-0.3395625
6.518	-0.6190625
6.519	0.2908125
6.52	0.3180625
6.521	-0.266375
6.522	-0.3608125
6.523	-0.4278125
6.524	-0.363625
6.525	-0.2606875
6.526	-0.243375
6.527	-0.2413125
6.528	-0.255375
6.529	-0.269375
6.53	-0.31
6.531	-0.3408125
6.532	-0.2689375
6.533	-0.302
6.534	-0.312
6.535	-0.1625
6.536	-0.0320625
6.537	0.1704375
6.538	0.2101875
6.539	0.209625
6.54	0.2195625
6.541	0.127
6.542	0.095625
6.543	-0.0394375
6.544	-0.20275
6.545	-0.2833125
6.546	-0.1004375
6.547	0.122875
6.548	0.0749375
6.549	-0.036125
6.55	-0.228375
6.551	-0.22175
6.552	-0.06425
6.553	0.08475
6.554	0.206875
6.555	0.1503125
6.556	0.113375
6.557	-0.336875
6.558	-0.4024375
6.559	0.3199375
6.56	0.7801875
6.561	1.168375
6.562	0.4585
6.563	-0.41125
6.564	-0.4469375
6.565	-0.0426875
6.566	0.492375
6.567	0.0839375
6.568	-0.24775
6.569	-0.20025
6.57	-0.28325
6.571	-0.2601875
6.572	-0.2704375
6.573	-0.2473125
6.574	-0.0401875
6.575	0.1285625
6.576	0.173125
6.577	0.162625
6.578	0.17675
6.579	0.184
6.58	-0.21475
6.581	-0.417625
6.582	-0.041125
6.583	-0.100625
6.584	-0.409125
6.585	-0.2981875
6.586	0.0824375
6.587	0.4319375
6.588	0.3638125
6.589	0.038875
6.59	-0.23825
6.591	-0.505625
6.592	-0.1219375
6.593	0.135
6.594	-0.220125
6.595	-0.297125
6.596	-0.2318125
6.597	-0.153125
6.598	-0.1426875
6.599	-0.244125
6.6	-0.09025
6.601	0.34575
6.602	0.860625
6.603	0.80675
6.604	0.0276875
6.605	-0.2210625
6.606	-0.0048125
6.607	-0.0359375
6.608	0.1808125
6.609	0.33975
6.61	0.0715
6.611	-0.1180625
6.612	-0.168125
6.613	-0.527875
6.614	-0.51775
6.615	0.0449375
6.616	0.1208125
6.617	-0.0440625
6.618	-0.06325
6.619	-0.1256875
6.62	-0.118
6.621	-0.1230625
6.622	-0.14475
6.623	-0.099625
6.624	-0.079375
6.625	-0.0100625
6.626	0.0063125
6.627	0.059375
6.628	0.3215
6.629	0.590125
6.63	0.4656875
6.631	0.1253125
6.632	-0.4473125
6.633	-0.54
6.634	0.138875
6.635	0.08875
6.636	-0.0638125
6.637	0.0246875
6.638	-0.1925
6.639	-0.14575
6.64	-0.0445625
6.641	-0.0448125
6.642	0.0850625
6.643	0.1496875
6.644	0.02025
6.645	-0.25275
6.646	-0.262375
6.647	0.0876875
6.648	0.5528125
6.649	0.6870625
6.65	0.2271875
6.651	-0.3569375
6.652	-0.343375
6.653	0.402125
6.654	0.4739375
6.655	0.3056875
6.656	0.285375
6.657	-0.5646875
6.658	-0.8025
6.659	-0.041125
6.66	0.418625
6.661	-0.0743125
6.662	-0.729125
6.663	-0.2016875
6.664	0.5754375
6.665	0.29775
6.666	-0.3575625
6.667	-0.4375
6.668	-0.0510625
6.669	0.1381875
6.67	0.0124375
6.671	-0.155
6.672	-0.159625
6.673	0.0719375
6.674	0.3555625
6.675	0.456
6.676	0.1395
6.677	-0.1460625
6.678	0.006875
6.679	0.0021875
6.68	-0.3651875
6.681	-0.2626875
6.682	0.0673125
6.683	0.2296875
6.684	0.240625
6.685	-0.2509375
6.686	-0.5795625
6.687	-0.256625
6.688	0.0898125
6.689	0.3023125
6.69	0.58375
6.691	0.6755625
6.692	0.7380625
6.693	0.2010625
6.694	-0.233375
6.695	-0.16375
6.696	-0.579625
6.697	-0.7929375
6.698	-0.3819375
6.699	0.2614375
6.7	0.2695
6.701	0.022
6.702	-0.0561875
6.703	-0.0755625
6.704	-0.0535625
6.705	-0.1311875
6.706	-0.0815625
6.707	0.223
6.708	0.152375
6.709	-0.233125
6.71	0.0460625
6.711	0.594875
6.712	0.976875
6.713	0.4563125
6.714	-0.4700625
6.715	-0.3311875
6.716	0.1298125
6.717	0.2069375
6.718	-0.1233125
6.719	-0.3376875
6.72	-0.225125
6.721	-0.171
6.722	0.0431875
6.723	0.18275
6.724	-0.0794375
6.725	-0.2996875
6.726	0.1058125
6.727	0.42375
6.728	0.298125
6.729	0.4240625
6.73	0.1423125
6.731	0.0685
6.732	0.377125
6.733	-0.5946875
6.734	-1.444438
6.735	-0.1573125
6.736	1.186938
6.737	0.577625
6.738	-0.1575625
6.739	-0.2795
6.74	-0.1100625
6.741	0.099875
6.742	-0.1108125
6.743	-0.2035
6.744	-0.2055
6.745	-0.2505
6.746	-0.275875
6.747	-0.2565
6.748	-0.2418125
6.749	-0.2295625
6.75	-0.1029375
6.751	0.2534375
6.752	0.1015
6.753	-0.3863125
6.754	-0.187375
6.755	0.3799375
6.756	0.8261875
6.757	0.99625
6.758	0.6174375
6.759	-0.2881875
6.76	-0.3339375
6.761	0.3351875
6.762	0.1775625
6.763	-0.244125
6.764	-0.38
6.765	-0.35525
6.766	-0.2625
6.767	-0.2436875
6.768	-0.2215625
6.769	-0.1014375
6.77	0.019875
6.771	0.0881875
6.772	0.2451875
6.773	0.3605
6.774	0.562875
6.775	0.6026875
6.776	0.2876875
6.777	0.070375
6.778	-0.1474375
6.779	-0.4176875
6.78	-0.397625
6.781	-0.2916875
6.782	-0.1468125
6.783	0.1345
6.784	0.1214375
6.785	-0.15825
6.786	-0.360875
6.787	-0.147875
6.788	0.301875
6.789	0.448375
6.79	0.31075
6.791	0.0818125
6.792	-0.1939375
6.793	-0.6375625
6.794	-0.5318125
6.795	-0.029625
6.796	0.268875
6.797	0.321875
6.798	0.086875
6.799	-0.180625
6.8	-0.3724375
6.801	-0.090125
6.802	0.27775
6.803	0.3740625
6.804	0.2409375
6.805	-0.3865625
6.806	-0.6395
6.807	0.1535
6.808	0.61875
6.809	0.3249375
6.81	0.0458125
6.811	-0.06925
6.812	-0.1235625
6.813	-0.1471875
6.814	-0.1225625
6.815	-0.0810625
6.816	-0.0301875
6.817	0.0433125
6.818	0.088125
6.819	-0.0154375
6.82	0.021875
6.821	0.2754375
6.822	0.37725
6.823	0.204875
6.824	0.0065
6.825	-0.0386875
6.826	0.083125
6.827	0.1325625
6.828	-0.045375
6.829	-0.2115
6.83	-0.19925	#1 MTMVC 
6.831	-0.066625
6.832	0.1895
6.833	0.4499375
6.834	0.2860625
6.835	-0.141625
6.836	-0.7455
6.837	-1.020625
6.838	-0.1688125
6.839	0.4879375
6.84	0.552
6.841	0.5019375
6.842	0.1350625
6.843	0.073875
6.844	0.193625
6.845	0.0085625
6.846	-0.177125
6.847	-0.2845
6.848	-0.188375
6.849	0.0675
6.85	0.1173125
6.851	-0.1094375
6.852	0.023
6.853	0.581125
6.854	0.867
6.855	0.2694375
6.856	-0.6545625
6.857	-0.2839375
6.858	0.6461875
6.859	0.698625
6.86	0.26675
6.861	-0.5764375
6.862	-1.21275
6.863	-0.703875
6.864	-0.1844375
6.865	0.1415
6.866	0.26725
6.867	0.0948125
6.868	-0.096125
6.869	-0.41375
6.87	-0.323
6.871	-0.0633125
6.872	0.036625
6.873	0.0625625
6.874	0.055
6.875	0.0498125
6.876	0.003875
6.877	-0.067125
6.878	-0.1245625
6.879	-0.141625
6.88	-0.16075
6.881	-0.062375
6.882	0.16975
6.883	0.0789375
6.884	-0.21775
6.885	-0.1905
6.886	-0.0831875
6.887	0.012125
6.888	0.349125
6.889	0.651125
6.89	0.7055625
6.891	0.7011875
6.892	0.392875
6.893	-0.087375
6.894	0.3183125
6.895	0.4723125
6.896	-0.0066875
6.897	-0.006625
6.898	0.0209375
6.899	-0.0886875
6.9	-0.345625
6.901	-0.609
6.902	-0.318375
6.903	0.35575
6.904	0.1858125
6.905	-0.408
6.906	-0.566375
6.907	-0.1444375
6.908	0.327875
6.909	-0.1651875
6.91	-0.4115
6.911	-0.14925
6.912	-0.080125
6.913	0.0173125
6.914	-0.0281875
6.915	-0.11075
6.916	-0.1653125
6.917	-0.2376875
6.918	-0.186
6.919	-0.01525
6.92	0.1000625
6.921	0.040875
6.922	-0.0500625
6.923	-0.0155
6.924	0.033
6.925	0.1340625
6.926	0.091625
6.927	-0.0571875
6.928	-0.0709375
6.929	-0.116125
6.93	-0.112625
6.931	-0.0645625
6.932	-0.0741875
6.933	-0.170875
6.934	-0.324625
6.935	-0.2708125
6.936	-0.0456875
6.937	0.1459375
6.938	0.06
6.939	0.031875
6.94	0.250875
6.941	0.6964375
6.942	1.27175
6.943	1.831438
6.944	1.722
6.945	0.697125
6.946	-0.4750625
6.947	-1.422625
6.948	-0.8704375
6.949	0.123625
6.95	-0.003125
6.951	-0.2303125
6.952	-0.1285
6.953	-0.1165625
6.954	-0.2338125
6.955	-0.2885
6.956	-0.2591875
6.957	-0.2215
6.958	-0.234
6.959	-0.18375
6.96	-0.24625
6.961	-0.2508125
6.962	-0.0245
6.963	-0.03175
6.964	-0.1241875
6.965	-0.100375
6.966	-0.006375
6.967	0.1101875
6.968	0.1683125
6.969	0.1256875
6.97	-0.117
6.971	-0.176125
6.972	-0.086
6.973	-0.154625
6.974	-0.092875
6.975	-0.0961875
6.976	-0.1113125
6.977	0.05325
6.978	0.1716875
6.979	-0.1183125
6.98	-0.6824375
6.981	-0.1411875
6.982	0.844125
6.983	0.9058125
6.984	0.33675
6.985	-0.364625
6.986	-0.3886875
6.987	0.018125
6.988	0.0708125
6.989	-0.0724375
6.99	-0.1398125
6.991	-0.1533125
6.992	-0.07925
6.993	-0.007125
6.994	-0.0644375
6.995	-0.09125
6.996	-0.0815
6.997	-0.101875
6.998	-0.192375
6.999	-0.0910625
7	0.1715625
7.001	0.46425
7.002	1.114625
7.003	0.987
7.004	0.098625
7.005	-0.5803125
7.006	-1.016875
7.007	-0.466625
7.008	0.396125
7.009	0.573
7.01	0.195625
7.011	-0.241625
7.012	-0.2919375
7.013	-0.142
7.014	-0.0848125
7.015	-0.1151875
7.016	-0.1354375
7.017	-0.166
7.018	-0.111625
7.019	-0.043375
7.02	-0.094
7.021	-0.1865
7.022	-0.14125
7.023	-0.0245625
7.024	-0.0269375
7.025	-0.2009375
7.026	-0.4145
7.027	-0.01025
7.028	0.6355
7.029	0.5296875
7.03	0.3034375
7.031	0.037
7.032	-0.44925
7.033	-0.0471875
7.034	0.274375
7.035	-0.13875
7.036	-0.348125
7.037	-0.33575
7.038	-0.2055625
7.039	0.0065625
7.04	0.13425
7.041	0.306625
7.042	0.441875
7.043	0.3085625
7.044	0.1485625
7.045	-0.0100625
7.046	0.0531875
7.047	0.2595625
7.048	0.10325
7.049	-0.386
7.05	-0.2079375
7.051	0.1390625
7.052	-0.0305625
7.053	-0.1980625
7.054	-0.3103125
7.055	-0.1399375
7.056	0.1003125
7.057	0.2486875
7.058	0.4255
7.059	0.2883125
7.06	-0.0965625
7.061	-0.3716875
7.062	-0.3779375
7.063	-0.3364375
7.064	-0.2084375
7.065	-0.00875
7.066	-0.156125
7.067	-0.30025
7.068	-0.2439375
7.069	-0.11675
7.07	-0.0354375
7.071	-0.008875
7.072	0.029
7.073	0.0221875
7.074	0.04525
7.075	0.082125
7.076	0.1170625
7.077	0.082125
7.078	0.1960625
7.079	0.6209375
7.08	0.98875
7.081	0.8030625
7.082	0.0095
7.083	-0.6141875
7.084	-0.7975625
7.085	-0.7018125
7.086	-0.258125
7.087	0.10325
7.088	0.1795
7.089	0.1280625
7.09	-0.0295625
7.091	-0.1015
7.092	-0.0371875
7.093	-0.0043125
7.094	-0.1299375
7.095	-0.186
7.096	-0.0361875
7.097	-0.0065
7.098	-0.016875
7.099	-0.1026875
7.1	-0.1589375
7.101	0.0138125
7.102	0.021375
7.103	-0.1735625
7.104	-0.3371875
7.105	-0.3358125
7.106	-0.0218125
7.107	0.451375
7.108	0.2874375
7.109	-0.009375
7.11	0.1944375
7.111	0.24325
7.112	0.0156875
7.113	-0.1575625
7.114	-0.136625
7.115	0.0198125
7.116	0.168375
7.117	-0.0483125
7.118	-0.195125
7.119	0.1215625
7.12	0.4253125
7.121	0.3445
7.122	-0.0479375
7.123	-0.2395
7.124	0.1075
7.125	0.506875
7.126	0.454625
7.127	0.24175
7.128	0.0234375
7.129	0.198125
7.13	0.587625
7.131	0.2653125
7.132	-0.512625
7.133	-1.580625
7.134	-1.388813
7.135	0.675625
7.136	1.1875
7.137	0.2538125
7.138	-0.1441875
7.139	-0.2590625
7.14	-0.221
7.141	-0.1928125
7.142	-0.14825
7.143	-0.107375
7.144	-0.1555625
7.145	-0.17775
7.146	-0.18175
7.147	-0.1811875
7.148	-0.1785625
7.149	-0.165
7.15	-0.165125
7.151	-0.2148125
7.152	-0.211
7.153	-0.149
7.154	-0.1290625
7.155	-0.0939375
7.156	0.084875
7.157	0.17225
7.158	0.106625
7.159	0.0340625
7.16	0.216125
7.161	0.47675
7.162	0.142125
7.163	-0.1295
7.164	0.2108125
7.165	0.29025
7.166	-0.1103125
7.167	-0.3225
7.168	-0.3465
7.169	-0.2696875
7.17	-0.0830625
7.171	-0.030625
7.172	0.0836875
7.173	0.220375
7.174	0.1645625
7.175	0.0315625
7.176	-0.202875
7.177	-0.1775
7.178	0.0871875
7.179	0.13325
7.18	0.16975
7.181	0.13325
7.182	-0.001375
7.183	-0.0031875
7.184	-0.0670625
7.185	0.091
7.186	0.621375
7.187	0.940875
7.188	0.52
7.189	0.0958125
7.19	-0.006625
7.191	-0.203125
7.192	0.199625
7.193	0.8265625
7.194	0.6470625
7.195	-0.09725
7.196	-0.4898125
7.197	-0.5299375
7.198	-0.474
7.199	-0.4636875
7.2	-0.5350625
7.201	-0.4588125
7.202	-0.295
7.203	-0.0823125
7.204	0.078125
7.205	0.06625
7.206	-0.0233125
7.207	-0.1890625
7.208	-0.1075625
7.209	0.09475
7.21	0.0045
7.211	-0.1020625
7.212	-0.1213125
7.213	-0.13325
7.214	-0.134375
7.215	-0.1703125
7.216	-0.2235625
7.217	-0.35575
7.218	-0.353
7.219	0.355625
7.22	1.255
7.221	1.388313
7.222	-0.21925
7.223	-2.002312
7.224	-1.2455
7.225	0.850375
7.226	1.604062
7.227	0.7953125
7.228	-0.0093125
7.229	-0.3514375
7.23	-0.4051875
7.231	-0.320125
7.232	-0.25975
7.233	-0.20775
7.234	-0.20125
7.235	-0.193875
7.236	-0.115
7.237	-0.00125
7.238	0.1255
7.239	0.1329375
7.24	0.1105
7.241	0.035125
7.242	0.20475
7.243	0.8085
7.244	0.732
7.245	-0.00175
7.246	-0.2715
7.247	0.1238125
7.248	0.237375
7.249	-0.036875
7.25	-0.182625
7.251	-0.275375
7.252	-0.172375
7.253	-0.1250625
7.254	-0.143875
7.255	-0.0103125
7.256	-0.035625
7.257	-0.1589375
7.258	-0.125625
7.259	-0.0968125
7.26	-0.160375
7.261	-0.0564375
7.262	0.0635625
7.263	-0.034
7.264	-0.102875
7.265	-0.1841875
7.266	-0.1825
7.267	-0.152125
7.268	-0.2385
7.269	-0.181
7.27	-0.0046875
7.271	0.1884375
7.272	0.289875
7.273	0.08325
7.274	-0.2244375
7.275	-0.124375
7.276	-0.011
7.277	-0.077625
7.278	0.2611875
7.279	0.865875
7.28	1.411438
7.281	0.32675
7.282	-1.357375
7.283	-1.322
7.284	-0.5526875
7.285	0.358125
7.286	0.71925
7.287	0.28225
7.288	-0.1883125
7.289	-0.2490625
7.29	-0.070625
7.291	0.0285
7.292	0.0709375
7.293	0.093125
7.294	0.0814375
7.295	0.091875
7.296	0.15725
7.297	0.217
7.298	0.3004375
7.299	0.28525
7.3	0.2653125
7.301	0.2930625
7.302	-0.10925
7.303	-0.6869375
7.304	-0.6708125
7.305	-0.1370625
7.306	0.2658125
7.307	0.1851875
7.308	0.0550625
7.309	0.135125
7.31	0.3500625
7.311	0.3100625
7.312	-0.1020625
7.313	-0.2090625
7.314	-0.071375
7.315	-0.1569375
7.316	-0.24525
7.317	-0.1888125
7.318	-0.08075
7.319	-0.006
7.32	-0.110625
7.321	-0.2165
7.322	-0.186
7.323	0.257125
7.324	0.9199375
7.325	0.723875
7.326	-0.22625
7.327	-0.858875
7.328	-0.4259375
7.329	0.5560625
7.33	0.9233125
7.331	0.6743125
7.332	0.0659375
7.333	-0.73225
7.334	-1.100688
7.335	-0.6565
7.336	-0.0045
7.337	0.0943125
7.338	0.06575
7.339	0.0383125
7.34	-0.1424375
7.341	-0.066125
7.342	0.2059375
7.343	0.3585625
7.344	0.32075
7.345	0.25725
7.346	0.146
7.347	-0.062375
7.348	-0.120625
7.349	0.0081875
7.35	-0.0591875
7.351	-0.1350625
7.352	0.073
7.353	-0.05975
7.354	-0.2415
7.355	-0.10825
7.356	0.1345
7.357	0.276875
7.358	0.14325
7.359	0.0858125
7.36	0.1235625
7.361	0.0475625
7.362	-0.179875
7.363	-0.2616875
7.364	-0.2479375
7.365	-0.3158125
7.366	-0.19375
7.367	-0.098125
7.368	-0.04175
7.369	0.0366875
7.37	-0.0204375
7.371	0.0753125
7.372	0.1756875
7.373	0.1931875
7.374	0.26025
7.375	0.0294375
7.376	-0.2499375
7.377	0.0336875
7.378	0.277625
7.379	0.179125
7.38	0.0615
7.381	-0.149375
7.382	-0.011
7.383	0.187125
7.384	0.207
7.385	0.2965625
7.386	0.0838125
7.387	-0.1744375
7.388	-0.2763125
7.389	-0.071625
7.39	0.1514375
7.391	-0.0193125
7.392	-0.1315
7.393	-0.058625
7.394	-0.074
7.395	-0.164625
7.396	-0.192875
7.397	-0.1641875
7.398	-0.0699375
7.399	0.02575
7.4	0.10075
7.401	-0.0233125
7.402	-0.0553125
7.403	0.2329375
7.404	0.2090625
7.405	0.0486875
7.406	-0.50575
7.407	-0.7851875
7.408	-0.2693125
7.409	0.2356875
7.41	0.61375
7.411	0.6211875
7.412	0.460625
7.413	0.076625
7.414	-0.3561875
7.415	-0.198875
7.416	0.2324375
7.417	0.2675625
7.418	0.074625
7.419	-0.1504375
7.42	-0.289375
7.421	-0.06975
7.422	0.1078125
7.423	0.023625
7.424	-0.0496875
7.425	-0.076875
7.426	-0.0530625
7.427	-0.0225625
7.428	-0.0135625
7.429	0.079375
7.43	0.3186875
7.431	0.2978125
7.432	-0.3818125
7.433	-0.812
7.434	-0.6176875
7.435	-0.1584375
7.436	0.1985625
7.437	0.1735
7.438	0.1673125
7.439	0.173
7.44	0.2326875
7.441	0.0790625
7.442	-0.0549375
7.443	0.1741875
7.444	0.1150625
7.445	-0.0005625
7.446	-0.0725
7.447	-0.1733125
7.448	-0.003
7.449	0.014
7.45	-0.3251875
7.451	-0.4098125
7.452	-0.10125
7.453	-0.04525
7.454	-0.1411875
7.455	-0.0003125
7.456	0.30725
7.457	0.5499375
7.458	0.7150625
7.459	0.5478125
7.46	0.12975
7.461	0.0145625
7.462	0.4434375
7.463	0.762375
7.464	-0.18
7.465	-1.026
7.466	-0.85575
7.467	-0.2758125
7.468	0.1665625
7.469	0.079125
7.47	-0.1594375
7.471	-0.213125
7.472	-0.1900625
7.473	-0.13275
7.474	0.04975
7.475	0.1433125
7.476	0.0904375
7.477	-0.0149375
7.478	-0.0276875
7.479	0.0575625
7.48	0.114625
7.481	0.0431875
7.482	-0.083125
7.483	0.064
7.484	0.6611875
7.485	1.22
7.486	0.5334375
7.487	-0.8223125
7.488	-0.614625
7.489	0.385125
7.49	0.429375
7.491	0.0579375
7.492	-0.1728125
7.493	-0.29125
7.494	-0.275625
7.495	-0.205125
7.496	-0.2015625
7.497	-0.287625
7.498	-0.3521875
7.499	-0.3025
7.5	-0.1148125
7.501	0.0096875
7.502	0.1535625
7.503	-0.0508125
7.504	-0.25925
7.505	-0.0086875
7.506	0.0471875
7.507	0.021125
7.508	-0.0601875
7.509	-0.0385
7.51	0.113875
7.511	0.0331875
7.512	-0.0725
7.513	-0.0915625
7.514	-0.0993125
7.515	-0.1173125
7.516	-0.1653125
7.517	-0.206125
7.518	0.034125
7.519	0.571
7.52	0.918625
7.521	0.7091875
7.522	0.0290625
7.523	-0.271375
7.524	-0.019125
7.525	0.2030625
7.526	0.0989375
7.527	-0.17675
7.528	-0.3035
7.529	-0.297625
7.53	-0.01275
7.531	0.1675625
7.532	-0.16075
7.533	-0.4864375
7.534	-0.44375
7.535	-0.2198125
7.536	-0.1391875
7.537	-0.1139375
7.538	-0.0116875
7.539	0.147
7.54	0.2495625
7.541	0.2361875
7.542	0.2375625
7.543	0.338625
7.544	0.6225
7.545	0.134875
7.546	-0.7589375
7.547	-0.6288125
7.548	-0.073
7.549	0.0980625
7.55	-0.0403125
7.551	-0.164875
7.552	-0.14475
7.553	-0.057125
7.554	-0.026125
7.555	-0.0263125
7.556	-0.03675
7.557	-0.073625
7.558	0.065625
7.559	0.1715625
7.56	0.032
7.561	0.04475
7.562	0.202125
7.563	0.4075
7.564	0.2770625
7.565	-0.368375
7.566	-0.5850625
7.567	-0.1496875
7.568	0.224
7.569	0.173125
7.57	0.0034375
7.571	0.0273125
7.572	0.2645
7.573	0.3829375
7.574	0.14425
7.575	-0.170625
7.576	-0.131625
7.577	0.054875
7.578	-0.088625
7.579	-0.5035
7.58	-0.3889375
7.581	0.3616875
7.582	0.8089375
7.583	0.9485625
7.584	0.431875
7.585	-0.5445625
7.586	-0.640375
7.587	-0.1474375
7.588	-0.0001875
7.589	0.333375
7.59	0.579625
7.591	0.128875
7.592	-0.231875
7.593	-0.262125
7.594	-0.141375
7.595	-0.0779375
7.596	-0.2473125
7.597	-0.35425
7.598	-0.3191875
7.599	-0.2669375
7.6	-0.2275625
7.601	-0.18625
7.602	-0.162375
7.603	-0.1539375
7.604	-0.1408125
7.605	-0.1016875
7.606	-0.1480625
7.607	-0.0693125
7.608	0.3570625
7.609	0.715625
7.61	0.53475
7.611	-0.0964375
7.612	-0.4688125
7.613	-0.1653125
7.614	0.2793125
7.615	0.0768125
7.616	-0.2021875
7.617	-0.0594375
7.618	-0.02275
7.619	-0.0853125
7.62	0.0018125
7.621	0.001375
7.622	-0.09325
7.623	-0.0046875
7.624	0.2160625
7.625	0.6275625
7.626	1.009937
7.627	0.8294375
7.628	0.2369375
7.629	0.198625
7.63	0.382125
7.631	-0.39525
7.632	-0.9884375
7.633	-0.4855
7.634	0.388
7.635	0.454125
7.636	-0.151875
7.637	-0.3994375
7.638	-0.369125
7.639	-0.23675
7.64	-0.13975
7.641	-0.10025
7.642	-0.070125
7.643	-0.0704375
7.644	-0.110125
7.645	-0.143125
7.646	-0.1360625
7.647	-0.1191875
7.648	-0.1031875
7.649	-0.1323125
7.65	-0.1325
7.651	-0.0871875
7.652	-0.1038125
7.653	-0.1090625
7.654	-0.0453125
7.655	-0.008875
7.656	-0.013
7.657	-0.0205
7.658	-0.0381875
7.659	-0.062125
7.66	-0.035
7.661	0.1674375
7.662	0.425875
7.663	0.4556875
7.664	0.084
7.665	-0.522
7.666	-0.4103125
7.667	0.297875
7.668	0.5424375
7.669	0.5914375
