Interval=	0.001 s
ExcelDateTime=	4.5714686356866121e+004	2/26/2025 16:28:21.233233
TimeFormat=	StartOfBlock
DateFormat=	
ChannelTitle=	Channel 4
Range=	2.000 mV
8.36	0.6236875
8.361	0.65675
8.362	0.40075
8.363	0.0005625
8.364	0.0475
8.365	0.3855625
8.366	0.3841875
8.367	0.04725
8.368	-0.242125
8.369	-0.231875
8.37	-0.032125
8.371	-0.166125
8.372	-0.320375
8.373	-0.153125
8.374	0.0448125
8.375	0.151375
8.376	0.20625
8.377	0.3415625
8.378	0.187
8.379	-0.0096875
8.38	-0.0511875
8.381	-0.123
8.382	-0.128375
8.383	-0.1299375
8.384	-0.0009375
8.385	0.33775
8.386	0.47425
8.387	0.1905625
8.388	0.35425
8.389	0.697875
8.39	0.5808125
8.391	0.4146875
8.392	0.153125
8.393	-0.1151875
8.394	-0.2216875
8.395	0.019
8.396	0.5135
8.397	0.7609375
8.398	0.6351875
8.399	-0.1235
8.4	-0.4180625
8.401	-0.12025
8.402	0.0030625
8.403	0.3113125
8.404	0.5158125
8.405	0.633125
8.406	0.6304375
8.407	0.257
8.408	-0.0205
8.409	0.3650625
8.41	0.6349375
8.411	0.1011875
8.412	0.02675
8.413	-0.2529375
8.414	-0.3768125
8.415	0.127875
8.416	0.216875
8.417	0.434375
8.418	0.412375
8.419	0.0370625
8.42	-0.2609375
8.421	-0.0858125
8.422	0.059375
8.423	0.006375
8.424	0.3575625
8.425	0.7923125
8.426	1.399938
8.427	1.237375
8.428	0.043125
8.429	-0.1854375
8.43	0.730625
8.431	1.4405
8.432	0.715125
8.433	-0.2718125
8.434	-0.5044375
8.435	-0.3210625
8.436	0.1999375
8.437	0.2579375
8.438	-0.020625
8.439	-0.00525
8.44	0.01325
8.441	-0.1849375
8.442	-0.0893125
8.443	0.1635625
8.444	0.2104375
8.445	-0.0279375
8.446	-0.3014375
8.447	0.0634375
8.448	0.494875
8.449	0.478875
8.45	0.3360625
8.451	0.2245
8.452	0.28825
8.453	0.3641875
8.454	0.3320625
8.455	0.3081875
8.456	0.1925625
8.457	0.0949375
8.458	0.1966875
8.459	0.357625
8.46	0.5039375
8.461	0.596875
8.462	0.2745
8.463	-0.1700625
8.464	-0.154
8.465	0.3586875
8.466	1.16475
8.467	0.6921875
8.468	-0.427
8.469	0.557
8.47	1.535375
8.471	1.03325
8.472	0.3391875
8.473	-0.054125
8.474	0.2123125
8.475	-0.1668125
8.476	-0.654625
8.477	-0.163625
8.478	0.3386875
8.479	0.53775
8.48	0.3923125
8.481	0.2558125
8.482	0.1914375
8.483	0.120875
8.484	0.5575
8.485	0.7758125
8.486	0.830375
8.487	0.4126875
8.488	0.0293125
8.489	0.6205
8.49	0.5229375
8.491	0.2085625
8.492	0.1905625
8.493	0.1024375
8.494	0.3335625
8.495	0.6813125
8.496	0.7506875
8.497	0.366625
8.498	-0.232375
8.499	-0.1156875
8.5	1.392188
8.501	NaN
8.502	1.823875
8.503	1.31175
8.504	0.58525
8.505	0.3163125
8.506	0.55175
8.507	-0.2283125
8.508	-1.135688
8.509	-1.159563
8.51	-0.80775
8.511	-0.2345
8.512	-0.084375
8.513	-0.0425
8.514	-0.00325
8.515	0.009625
8.516	-0.0253125
8.517	-0.1891875
8.518	-0.10475
8.519	0.0150625
8.52	-0.041875
8.521	-0.1185
8.522	-0.24125
8.523	-0.262125
8.524	0.67375
8.525	1.967875
8.526	1.547688
8.527	-0.211375
8.528	-1.504125
8.529	0.058875
8.53	NaN
8.531	1.518375
8.532	0.659
8.533	0.155375
8.534	-0.449125
8.535	0.0605625
8.536	-0.1111875
8.537	-0.7023125
8.538	-0.4798125
8.539	-0.4066875
8.54	-0.2960625
8.541	0.0474375
8.542	0.562875
8.543	0.26225
8.544	-0.7540625
8.545	-0.488875
8.546	0.4320625
8.547	0.719125
8.548	0.356125
8.549	-0.1304375
8.55	0.1071875
8.551	1.089125
8.552	2.038875
8.553	1.308938
8.554	-0.5240625
8.555	-0.901
8.556	0.4096875
8.557	0.84275
8.558	-0.034375
8.559	-0.2654375
8.56	-0.065
8.561	-0.6188125
8.562	-0.8856875
8.563	-0.04425
8.564	0.0475
8.565	-0.584625
8.566	-0.5839375
8.567	0.05625
8.568	0.0979375
8.569	0.00225
8.57	1.096563
8.571	1.571625
8.572	0.0454375
8.573	-0.9461875
8.574	-0.09625
8.575	0.908875
8.576	1.903813
8.577	1.786063
8.578	0.352125
8.579	-0.7081875
8.58	-1.011313
8.581	-0.8165625
8.582	-0.6645
8.583	-0.6868125
8.584	-0.5749375
8.585	0.3531875
8.586	1.129125
8.587	0.553375
8.588	-0.3675625
8.589	0.0304375
8.59	0.267625
8.591	-0.3178125
8.592	-0.47175
8.593	0.6295
8.594	1.876563
8.595	0.8663125
8.596	0.1450625
8.597	1.271125
8.598	0.9394375
8.599	-0.2265625
8.6	-0.4389375
8.601	-0.4655
8.602	-0.2771875
8.603	-0.194375
8.604	-0.2865
8.605	-0.579
8.606	-0.5378125
8.607	-0.2200625
8.608	-0.160625
8.609	-0.0594375
8.61	0.1846875
8.611	0.4603125
8.612	0.3979375
8.613	-0.2061875
8.614	-0.3144375
8.615	-0.0439375
8.616	0.476625
8.617	1.112063
8.618	0.906875
8.619	0.228
8.62	0.8746875
8.621	1.494125
8.622	0.469
8.623	0.31
8.624	0.075625
8.625	-0.3964375
8.626	-0.1414375
8.627	-0.2304375
8.628	-0.3924375
8.629	-0.721375
8.63	-0.714875
8.631	-0.1084375
8.632	-0.1790625
8.633	-0.382875
8.634	-0.338375
8.635	0.30975
8.636	0.377
8.637	0.203625
8.638	0.5765
8.639	0.6855
8.64	0.849625
8.641	0.25175
8.642	-0.2476875
8.643	0.1310625
8.644	-0.034
8.645	-0.579625
8.646	-0.449375
8.647	-0.3198125
8.648	-0.4005
8.649	0.3015
8.65	1.381813
8.651	0.7545625
8.652	-0.585875
8.653	-0.977625
8.654	0.4725
8.655	NaN
8.656	0.994
8.657	-0.450375
8.658	-0.2505
8.659	-0.21075
8.66	-0.7053125
8.661	-0.7444375
8.662	-0.477625
8.663	-0.081875
8.664	0.161
8.665	-0.1895
8.666	-0.5560625
8.667	0.0788125
8.668	1.04125
8.669	0.162625
8.67	-0.45875
8.671	-0.2375625
8.672	-0.0515625
8.673	1.351375
8.674	1.11475
8.675	-1.660813
8.676	-1.3275
8.677	1.50025
8.678	NaN
8.679	0.8621875
8.68	-0.703875
8.681	-0.160875
8.682	-0.388875
8.683	-1.169625
8.684	-1.364938
8.685	-1.765625
8.686	-1.708438
8.687	-0.7229375
8.688	0.694125
8.689	0.36225
8.69	-1.56825
8.691	-0.9063125
8.692	1.298875
8.693	1.256
8.694	0.2629375
8.695	-0.66775
8.696	-0.5696875
8.697	0.12025
8.698	0.060625
8.699	-0.9121875
8.7	-0.923
8.701	0.355875
8.702	-0.2721875
8.703	-1.242125
8.704	-0.9171875
8.705	-0.4914375
8.706	-0.416625
8.707	-0.403
8.708	-0.3965
8.709	-0.5981875
8.71	-0.2409375
8.711	-0.201375
8.712	-0.2506875
8.713	-0.3555625
8.714	-0.8045
8.715	-0.22175
8.716	0.3723125
8.717	0.8570625
8.718	0.395875
8.719	-0.94975
8.72	-1.148187
8.721	-0.5510625
8.722	-0.8098125
8.723	-1.112313
8.724	0.24875
8.725	1.166625
8.726	-0.494625
8.727	-0.9578125
8.728	0.8430625
8.729	1.157625
8.73	-0.0526875
8.731	-0.5670625
8.732	-0.6133125
8.733	-0.766875
8.734	-1.017063
8.735	-1.078875
8.736	-0.7918125
8.737	-1.263188
8.738	-1.648688
8.739	-1.085875
8.74	-0.476
8.741	0.0840625
8.742	0.2025625
8.743	-0.2116875
8.744	0.5843125
8.745	0.6605625
8.746	-0.477875
8.747	-1.143938
8.748	-1.376313
8.749	-0.6808125
8.75	-0.1685
8.751	-0.6083125
8.752	-0.689625
8.753	-0.3758125
8.754	-0.0600625
8.755	0.6306875
8.756	1.047
8.757	1.525375
8.758	0.0483125
8.759	-1.050938
8.76	0.4706875
8.761	0.4370625
8.762	-1.147125
8.763	-1.020688
8.764	0.2453125
8.765	-0.2374375
8.766	-0.4658125
8.767	-0.1150625
8.768	-0.5536875
8.769	-0.8635
8.77	-0.9040625
8.771	-0.6143125
8.772	-0.260875
8.773	-0.065125
8.774	0.106
8.775	-0.474375
8.776	-0.9070625
8.777	-0.273625
8.778	0.21
8.779	-0.231375
8.78	-0.826
8.781	-0.520625
8.782	-0.015
8.783	-0.0218125
8.784	-0.2815625
8.785	-0.1173125
8.786	1.05325
8.787	NaN
8.788	0.697875
8.789	-1.720625
8.79	-1.313
8.791	0.8250625
8.792	1.74175
8.793	0.245
8.794	-1.40775
8.795	-0.17875
8.796	0.649
8.797	-0.9926875
8.798	-1.43625
8.799	-0.492375
8.8	0.0973125
8.801	0.0943125
8.802	-0.0761875
8.803	1.0215
8.804	-0.1435625
8.805	-1.789938
8.806	0.483125
8.807	1.373
8.808	-0.2746875
8.809	-1.234375
8.81	-0.7750625
8.811	-0.2738125
8.812	-0.4963125
8.813	-0.7493125
8.814	-0.919625
8.815	-0.6359375
8.816	0.4109375
8.817	1.155313
8.818	-0.95175
8.819	-1.92275
8.82	0.9686875
8.821	NaN
8.822	0.4274375
8.823	-0.9555625
8.824	-0.407375
8.825	-0.5828125
8.826	-1.002813
8.827	-0.9804375
8.828	-0.690875
8.829	-0.318
8.83	-0.5964375
8.831	-0.533
8.832	-0.3616875
8.833	-0.32075
8.834	-0.231875
8.835	-0.3028125
8.836	-0.3598125
8.837	-0.0624375
8.838	-0.2038125
8.839	-0.3309375
8.84	0.1111875
8.841	0.75175
8.842	0.37925
8.843	-0.8900625
8.844	-0.20075
8.845	1.075563
8.846	0.666875
8.847	-0.1625625
8.848	-0.730125
8.849	-1.074
8.85	-0.982125
8.851	-0.67
8.852	-0.5184375
8.853	-0.444
8.854	-0.2875625
8.855	-0.4651875
8.856	-0.4038125
8.857	0.131875
8.858	-0.1281875
8.859	-0.094875
8.86	0.2224375
8.861	-0.178875
8.862	-0.128125
8.863	0.0168125
8.864	-0.3725625
8.865	-0.59175
8.866	-0.57225
8.867	-1.002063
8.868	-0.826875
8.869	0.5008125
8.87	0.515875
8.871	0.86
8.872	1.250188
8.873	-0.5479375
8.874	-0.4755
8.875	0.5250625
8.876	-0.2941875
8.877	-1.041313
8.878	-1.066938
8.879	-0.440125
8.88	-0.28225
8.881	-0.6845625
8.882	-0.3819375
8.883	-0.0453125
8.884	0.26325
8.885	-0.3485625
8.886	-0.2890625
8.887	1.035125
8.888	0.7448125
8.889	0.327
8.89	-0.462875
8.891	-1.216063
8.892	-0.07575
8.893	0.5654375
8.894	0.671625
8.895	0.2361875
8.896	-0.4711875
8.897	0.0481875
8.898	0.001625
8.899	-0.7468125
8.9	-1.052688
8.901	-1.001188
8.902	-0.912375
8.903	-0.7551875
8.904	-0.70675
8.905	-0.537875
8.906	0.559375
8.907	0.83875
8.908	-1.166187
8.909	-0.4724375
8.91	1.851687
8.911	1.393688
8.912	0.2218125
8.913	-0.7184375
8.914	-1.027625
8.915	-0.927375
8.916	-0.800375
8.917	-0.618125
8.918	-0.2954375
8.919	-0.015125
8.92	-0.1231875
8.921	-0.24975
8.922	0.1700625
8.923	0.2805
8.924	-0.6973125
8.925	-0.2675
8.926	0.1969375
8.927	-0.3075625
8.928	-0.395125
8.929	-0.654
8.93	-0.629375
8.931	-0.5964375
8.932	-0.714375
8.933	-0.7995
8.934	-0.371375
8.935	0.1724375
8.936	0.0025625
8.937	0.402375
8.938	0.4194375
8.939	-0.697
8.94	-0.7269375
8.941	0.246125
8.942	0.8458125
8.943	0.4940625
8.944	-0.3681875
8.945	-0.584
8.946	-0.454375
8.947	-0.43875
8.948	-0.376125
8.949	-0.3620625
8.95	-0.3734375
8.951	-0.2589375
8.952	0.207375
8.953	0.2590625
8.954	-0.48525
8.955	-0.4003125
8.956	0.2495
8.957	0.122375
8.958	0.033625
8.959	0.5914375
8.96	1.156313
8.961	0.9828125
8.962	-0.171125
8.963	-0.7401875
8.964	0.1558125
8.965	0.5338125
8.966	-0.3493125
8.967	-1.067938
8.968	-0.9774375
8.969	-0.7795
8.97	-0.371375
8.971	0.2803125
8.972	-0.7015
8.973	-0.9945625
8.974	0.8260625
8.975	0.767125
8.976	0.242875
8.977	0.4269375
8.978	0.2899375
8.979	0.7545625
8.98	0.3491875
8.981	-0.721625
8.982	-0.8394375
8.983	-0.8754375
8.984	-0.81275
8.985	-0.347125
8.986	-0.1848125
8.987	-0.506375
8.988	-0.5788125
8.989	0.38025
8.99	1.15825
8.991	1.313813
8.992	0.551
8.993	-1.193375
8.994	0.169625
8.995	1.645563
8.996	0.2205
8.997	-0.5005625
8.998	-0.85625
8.999	-1.126813
9	-1.081687
9.001	-0.8493125
9.002	-0.4569375
9.003	-0.3455625
9.004	-0.392125
9.005	-0.3681875
9.006	-0.321625
9.007	-0.1695625
9.008	-0.0495625
9.009	-0.1839375
9.01	-0.2250625
9.011	-0.1754375
9.012	-0.1091875
9.013	-0.0120625
9.014	-0.0810625
9.015	-0.218875
9.016	-0.1805
9.017	-0.088375
9.018	-0.0821875
9.019	0.0901875
9.02	0.0866875
9.021	-0.08925
9.022	0.006625
9.023	-0.0304375
9.024	-0.195
9.025	-0.1928125
9.026	0.012
9.027	0.4414375
9.028	0.5915
9.029	0.19025
9.03	-0.3200625
9.031	-0.3078125
9.032	0.656125
9.033	1.281313
9.034	1.391875
9.035	1.165125
9.036	-0.4190625
9.037	-0.6330625
9.038	0.8465
9.039	0.3578125
9.04	-0.717375
9.041	-0.877875
9.042	-1.0075
9.043	-0.738375
9.044	-0.5711875
9.045	-0.290125
9.046	0.0864375
9.047	-0.132875
9.048	-0.5378125
9.049	-0.4641875
9.05	-0.1626875
9.051	-0.23525
9.052	-0.19625
9.053	-0.071875
9.054	-0.1611875
9.055	-0.1796875
9.056	0.1113125
9.057	0.070875
9.058	-0.489625
9.059	-0.411
9.06	0.3410625
9.061	0.627375
9.062	0.2015625
9.063	-0.092375
9.064	-0.1476875
9.065	-0.165
9.066	-0.0364375
9.067	0.0419375
9.068	0.2989375
9.069	0.4843125
9.07	0.0841875
9.071	-0.101
9.072	0.03225
9.073	0.10275
9.074	0.0663125
9.075	-0.396375
9.076	-0.5486875
9.077	-0.1365
9.078	0.03
9.079	-0.0408125
9.08	-0.059625
9.081	1.057563
9.082	1.867188
9.083	0.29375
9.084	-1.123438
9.085	-0.030375
9.086	1.205563
9.087	0.350125
9.088	-0.71725
9.089	-0.720625
9.09	-0.4365
9.091	-0.2158125
9.092	-0.01
9.093	-0.220125
9.094	-0.3113125
9.095	0.1638125
9.096	0.4769375
9.097	0.1135625
9.098	-0.1816875
9.099	-0.311375
9.1	-0.1483125
9.101	0.135875
9.102	-0.124375
9.103	-0.5589375
9.104	-0.339625
9.105	0.5148125
9.106	0.676125
9.107	0.110625
9.108	0.1248125
9.109	0.647375
9.11	0.3205625
9.111	-0.180375
9.112	-0.2875
9.113	-0.285875
9.114	-0.1125
9.115	-0.0450625
9.116	0.0095625
9.117	-0.0664375
9.118	-0.132625
9.119	0.0285
9.12	-0.0186875
9.121	-0.167375
9.122	-0.265125
9.123	0.0428125
9.124	0.3775
9.125	0.2084375
9.126	-0.068625
9.127	0.00175
9.128	0.0540625
9.129	0.023
9.13	0.194375
9.131	0.6503125
9.132	0.932875
9.133	0.8948125
9.134	-0.0995
9.135	-1.388313
9.136	0.495875
9.137	1.329563
9.138	0.360625
9.139	0.98575
9.14	0.7803125
9.141	-0.1409375
9.142	-1.507688
9.143	-0.949
9.144	0.736375
9.145	-0.0168125
9.146	-0.6075625
9.147	-0.164125
9.148	-0.151125
9.149	-0.143125
9.15	-0.158625
9.151	-0.1838125
9.152	0.354125
9.153	0.5045
9.154	0.1184375
9.155	-0.0560625
9.156	0.0235
9.157	0.1011875
9.158	0.3278125
9.159	0.5385
9.16	0.313875
9.161	0.3229375
9.162	0.3715625
9.163	0.1630625
9.164	-0.118625
9.165	-0.366875
9.166	-0.380125
9.167	-0.195875
9.168	0.0021875
9.169	-0.05775
9.17	-0.1138125
9.171	0.0128125
9.172	0.1639375
9.173	0.322
9.174	0.031125
9.175	-0.1693125
9.176	0.1979375
9.177	0.2140625
9.178	-0.000625
9.179	0.0246875
9.18	0.3914375
9.181	0.932875
9.182	0.72625
9.183	0.4215
9.184	-0.30925
9.185	-0.533375
9.186	0.38575
9.187	0.23025
9.188	-0.36325
9.189	-0.6390625
9.19	-0.6885
9.191	-0.1653125
9.192	0.5290625
9.193	0.663625
9.194	0.6873125
9.195	0.3230625
9.196	-0.2636875
9.197	0.5084375
9.198	1.663813
9.199	1.5085
9.2	0.235375
9.201	-0.2491875
9.202	0.55075
9.203	0.64725
9.204	0.0298125
9.205	-0.3630625
9.206	-0.6335625
9.207	-0.5280625
9.208	-0.2770625
9.209	0.019125
9.21	0.0621875
9.211	-0.3855
9.212	-0.19525
9.213	0.1793125
9.214	0.288625
9.215	0.01025
9.216	-0.32325
9.217	-0.018375
9.218	0.3763125
9.219	0.35975
9.22	0.0789375
9.221	0.308625
9.222	0.37175
9.223	0.0111875
9.224	-0.244875
9.225	-0.0765
9.226	0.199125
9.227	0.1675625
9.228	0.1725625
9.229	0.1195
9.23	0.1994375
9.231	0.4868125
9.232	0.5943125
9.233	0.26575
9.234	-0.08725
9.235	0.072375
9.236	0.298875
9.237	0.1084375
9.238	0.0193125
9.239	0.070125
9.24	0.0429375
9.241	0.2826875
9.242	0.5795
9.243	0.357125
9.244	0.02225
9.245	-0.3814375
9.246	-0.2650625
9.247	0.245
9.248	0.048625
9.249	0.6091875
9.25	1.253125
9.251	0.785125
9.252	0.146125
9.253	0.604875
9.254	0.9123125
9.255	0.2301875
9.256	0.1925625
9.257	0.1868125
9.258	-0.119625
9.259	-0.2288125
9.26	-0.2263125
9.261	-0.0670625
9.262	-0.012375
9.263	-0.06025
9.264	-0.228625
9.265	-0.1641875
9.266	0.1553125
9.267	0.3428125
9.268	0.254
9.269	-0.0556875
9.27	0.3064375
9.271	0.4763125
9.272	0.2508125
9.273	0.1655
9.274	0.024625
9.275	0.071375
9.276	0.1170625
9.277	0.1236875
9.278	0.15325
9.279	0.241875
9.28	0.2145
9.281	0.1990625
9.282	0.275375
9.283	0.1604375
9.284	0.0078125
9.285	-0.011625
9.286	0.1370625
9.287	0.652
9.288	0.817625
9.289	0.0805
9.29	-0.4710625
9.291	0.3109375
9.292	1.466625
9.293	0.5874375
9.294	-0.4051875
9.295	0.237
9.296	0.702875
9.297	0.5243125
9.298	0.1863125
9.299	-0.27525
9.3	-0.316375
9.301	0.0375625
9.302	0.3373125
9.303	0.500875
9.304	0.4815625
9.305	0.3344375
9.306	-0.249
9.307	-0.401625
9.308	0.1621875
9.309	0.3345625
9.31	0.11025
9.311	0.11625
9.312	0.227375
9.313	0.22875
9.314	0.1865625
9.315	0.177375
9.316	0.1785
9.317	0.1824375
9.318	0.1834375
9.319	0.1855625
9.32	0.16925
9.321	0.1836875
9.322	0.217875
9.323	0.20225
9.324	0.218875
9.325	0.2695625
9.326	0.1873125
9.327	0.09825
9.328	0.29475
9.329	0.414
9.33	0.28825
9.331	0.188875
9.332	0.2453125
9.333	0.3293125
9.334	0.1903125
9.335	0.1095625
9.336	0.1458125
9.337	0.13525
9.338	0.1720625
9.339	0.178625
