Interval=	0.001 s
ExcelDateTime=	4.5714683962440948e+004	2/26/2025 16:24:54.354898
TimeFormat=	StartOfBlock
DateFormat=	
ChannelTitle=	Channel 4
Range=	2.000 mV
7.36	-1.167375
7.361	0.0578125
7.362	1.45025
7.363	1.96775
7.364	0.929875
7.365	0.534625
7.366	0.0023125
7.367	-0.6805625
7.368	-0.416375
7.369	-0.0968125
7.37	0.2845
7.371	0.803375
7.372	1.540625
7.373	1.355563
7.374	-0.4386875
7.375	-1.368813
7.376	-0.1976875
7.377	0.840875
7.378	0.7041875
7.379	0.251125
7.38	-0.458875
7.381	-0.867125
7.382	-0.462875
7.383	-0.0518125
7.384	0.6089375
7.385	1.516813
7.386	1.639875
7.387	0.3735
7.388	-0.8515625
7.389	-0.3105625
7.39	0.5316875
7.391	0.6105625
7.392	0.1995625
7.393	-0.4636875
7.394	-0.2289375
7.395	0.0916875
7.396	0.152375
7.397	0.001
7.398	-0.7284375
7.399	-0.373
7.4	0.5440625
7.401	0.11775
7.402	-0.30025
7.403	0.8521875
7.404	1.894
7.405	1.00475
7.406	0.235625
7.407	-0.14
7.408	-0.5123125
7.409	0.2123125
7.41	0.3429375
7.411	-0.0916875
7.412	-0.521125
7.413	-0.5311875
7.414	0.3566875
7.415	-0.0099375
7.416	-0.473875
7.417	-0.170625
7.418	-0.02275
7.419	0.2058125
7.42	-0.2588125
7.421	-0.321625
7.422	0.6753125
7.423	1.375438
7.424	0.8538125
7.425	-0.147125
7.426	0.3103125
7.427	1.08075
7.428	0.85825
7.429	-0.1425625
7.43	-0.5756875
7.431	0.092375
7.432	0.61775
7.433	0.8216875
7.434	0.8106875
7.435	0.4005
7.436	-0.238375
7.437	-0.151
7.438	-0.1125625
7.439	0.013375
7.44	-0.134375
7.441	-0.556125
7.442	-0.3795
7.443	0.0775
7.444	0.9035
7.445	1.394313
7.446	1.062375
7.447	-0.7305625
7.448	-0.91825
7.449	0.636375
7.45	0.382875
7.451	-0.193625
7.452	-0.468875
7.453	-0.6308125
7.454	-0.6525
7.455	-0.737125
7.456	-0.5828125
7.457	-0.47925
7.458	-0.424875
7.459	0.489375
7.46	1.251375
7.461	1.60375
7.462	1.481438
7.463	1.4025
7.464	1.740312
7.465	0.5485
7.466	-0.21975
7.467	0.1760625
7.468	-0.1804375
7.469	-0.4386875
7.47	-0.5446875
7.471	-0.7951875
7.472	-0.793125
7.473	-0.876875
7.474	-0.9248125
7.475	-0.2631875
7.476	0.59725
7.477	0.4883125
7.478	-0.481625
7.479	-0.4425625
7.48	1.23525
7.481	NaN
7.482	1.482625
7.483	0.0620625
7.484	-0.36575
7.485	-0.0896875
7.486	-0.0930625
7.487	-0.0618125
7.488	0.3685
7.489	0.4033125
7.49	-0.18375
7.491	-0.7125625
7.492	-0.766875
7.493	-0.2468125
7.494	-0.064
7.495	-0.3553125
7.496	-0.665625
7.497	0.1178125
7.498	1.671625
7.499	1.145313
7.5	-0.881125
7.501	0.1213125
7.502	NaN
7.503	1.26275
7.504	0.0679375
7.505	-0.340625
7.506	-0.810125
7.507	-0.027
7.508	0.2445
7.509	-1.005125
7.51	-1.18525
7.511	-0.4396875
7.512	0.047125
7.513	0.3499375
7.514	0.360375
7.515	0.521375
7.516	0.443875
7.517	-0.7235
7.518	-0.8413125
7.519	0.3373125
7.52	0.6995
7.521	0.7335
7.522	0.881875
7.523	0.375875
7.524	0.3245
7.525	0.2095625
7.526	-0.1648125
7.527	-0.10725
7.528	-0.220125
7.529	-0.0333125
7.53	0.1264375
7.531	-0.0895
7.532	-0.502125
7.533	-0.6765
7.534	-0.242125
7.535	-0.03425
7.536	-0.4655625
7.537	-0.77875
7.538	0.2556875
7.539	1.16275
7.54	0.8416875
7.541	1.23625
7.542	0.8663125
7.543	-0.083625
7.544	0.378125
7.545	0.347125
7.546	-0.5171875
7.547	-0.9441875
7.548	-0.8896875
7.549	-0.365125
7.55	0.1665
7.551	0.62075
7.552	0.5578125
7.553	-0.073625
7.554	0.04475
7.555	-0.036375
7.556	-0.1296875
7.557	-0.5598125
7.558	-0.9585
7.559	0.5733125
7.56	2.00825
7.561	1.363
7.562	-1.354563
7.563	-0.9494375
7.564	1.588125
7.565	1.740813
7.566	0.725625
7.567	-0.549
7.568	-0.594125
7.569	-0.3258125
7.57	-0.016625
7.571	0.2865
7.572	-0.290625
7.573	-0.58175
7.574	-0.3951875
7.575	-0.0601875
7.576	0.1365
7.577	-0.254
7.578	-1.059938
7.579	-0.59225
7.58	1.017375
7.581	1.685438
7.582	0.209375
7.583	-0.6604375
7.584	0.5466875
7.585	0.657
7.586	0.1015
7.587	-0.2829375
7.588	-0.839875
7.589	-0.1845
7.59	0.5149375
7.591	-0.11875
7.592	-0.106
7.593	0.4191875
7.594	-0.0925625
7.595	-0.3565625
7.596	-0.199
7.597	-0.50475
7.598	-0.0268125
7.599	1.057875
7.6	1.176313
7.601	0.001
7.602	-0.54975
7.603	-0.2858125
7.604	-0.5481875
7.605	-0.763
7.606	-0.6985625
7.607	0.0578125
7.608	0.4365625
7.609	0.605625
7.61	1.669563
7.611	1.179188
7.612	0.1439375
7.613	-0.088875
7.614	-0.2845
7.615	0.0555
7.616	-0.043
7.617	-0.3270625
7.618	-0.21475
7.619	0.1731875
7.62	0.1954375
7.621	-0.6095625
7.622	-1.1465
7.623	-0.446375
7.624	0.7846875
7.625	0.7964375
7.626	0.1960625
7.627	-0.143875
7.628	-0.316125
7.629	-0.2060625
7.63	0.42975
7.631	1.066563
7.632	-0.0595625
7.633	-0.5458125
7.634	0.4868125
7.635	0.341875
7.636	-0.3218125
7.637	-0.601625
7.638	-0.6043125
7.639	-0.4524375
7.64	-0.1550625
7.641	0.3876875
7.642	0.619875
7.643	0.440625
7.644	0.0659375
7.645	0.7733125
7.646	1.025375
7.647	-0.0650625
7.648	0.114
7.649	0.2854375
7.65	-0.320375
7.651	-0.7095
7.652	-0.977875
7.653	-0.2195
7.654	0.0109375
7.655	-1.209
7.656	-0.8398125
7.657	0.9194375
7.658	1.642813
7.659	0.49825
7.66	-0.54725
7.661	0.401
7.662	1.398937
7.663	0.725875
7.664	-0.504375
7.665	-0.99475
7.666	0.1835
7.667	0.977125
7.668	-0.4195
7.669	-0.79675
7.67	-0.4159375
7.671	-0.4660625
7.672	-0.2733125
7.673	-0.40875
7.674	-0.5521875
7.675	-0.3589375
7.676	0.0661875
7.677	0.149
7.678	-0.3440625
7.679	-0.2003125
7.68	0.517375
7.681	0.4489375
7.682	0.2475625
7.683	1.19125
7.684	1.7305
7.685	0.6151875
7.686	-0.2636875
7.687	0.150625
7.688	1.224188
7.689	0.2951875
7.69	-1.35925
7.691	-0.52275
7.692	0.73925
7.693	0.490125
7.694	-0.4715
7.695	0.06
7.696	0.002
7.697	-0.87175
7.698	-0.744875
7.699	-0.287375
7.7	-0.0320625
7.701	-0.4200625
7.702	-0.8261875
7.703	-0.785125
7.704	-0.1600625
7.705	0.9025
7.706	0.4613125
7.707	-0.1193125
7.708	0.9896875
7.709	1.18175
7.71	-0.207
7.711	-1.175875
7.712	-0.03425
7.713	0.337125
7.714	-0.428875
7.715	-0.2874375
7.716	-0.423875
7.717	-0.9624375
7.718	-0.9493125
7.719	-0.691
7.72	0.2161875
7.721	1.058938
7.722	0.8316875
7.723	0.2085
7.724	-0.2500625
7.725	0.1480625
7.726	0.3899375
7.727	-0.2605625
7.728	-0.342
7.729	-0.0321875
7.73	0.0115
7.731	1.028813
7.732	1.928187
7.733	1.301563
7.734	-0.4460625
7.735	-0.990125
7.736	0.099125
7.737	0.2765625
7.738	-0.2323125
7.739	-0.730125
7.74	-0.3036875
7.741	0.218375
7.742	-0.6448125
7.743	-0.984125
7.744	-0.214
7.745	0.2596875
7.746	-0.085625
7.747	-0.268
7.748	-0.185625
7.749	-0.038875
7.75	0.4044375
7.751	0.34975
7.752	0.5711875
7.753	1.197938
7.754	0.86375
7.755	-0.2600625
7.756	-0.4993125
7.757	0.16075
7.758	-0.292875
7.759	-0.27525
7.76	0.21975
7.761	0.002875
7.762	-0.1895625
7.763	-1.079063
7.764	-0.63875
7.765	0.7675625
7.766	0.994125
7.767	0.8198125
7.768	0.3240625
7.769	0.498875
7.77	0.7773125
7.771	0.27625
7.772	-0.5333125
7.773	-1.162813
7.774	-0.5536875
7.775	-0.2901875
7.776	-0.5924375
7.777	-0.448125
7.778	-0.0378125
7.779	-0.11825
7.78	-0.9616875
7.781	-0.6231875
7.782	0.03625
7.783	-0.1945625
7.784	-0.2331875
7.785	0.0323125
7.786	0.561125
7.787	0.5094375
7.788	-0.06025
7.789	0.0614375
7.79	0.2263125
7.791	-0.300875
7.792	-0.545375
7.793	-0.2545625
7.794	0.193125
7.795	0.7649375
7.796	0.5701875
7.797	-0.7481875
7.798	-1.09725
7.799	0.194
7.8	1.31875
7.801	1.543187
7.802	0.6459375
7.803	-0.5631875
7.804	-1.22475
7.805	-0.8239375
7.806	0.4625
7.807	0.9313125
7.808	0.41375
7.809	-0.4576875
7.81	-0.442625
7.811	0.2173125
7.812	0.24125
7.813	-0.0564375
7.814	-0.3930625
7.815	-0.49975
7.816	-0.4866875
7.817	-0.1866875
7.818	-0.021625
7.819	-0.5924375
7.82	-0.6425625
7.821	0.3149375
7.822	1.259375
7.823	1.895438
7.824	0.8638125
7.825	-0.2994375
7.826	-0.1755
7.827	0.0868125
7.828	0.082875
7.829	-0.67825
7.83	-1.099625
7.831	-0.922125
7.832	-0.5370625
7.833	0.1365625
7.834	0.642
7.835	0.0950625
7.836	-0.6845
7.837	-0.3783125
7.838	-0.0394375
7.839	-0.0184375
7.84	0.2036875
7.841	0.17375
7.842	-0.0304375
7.843	-0.388625
7.844	-0.5780625
7.845	0.28425
7.846	NaN
7.847	1.33025
7.848	-1.622875
7.849	-0.292125
7.85	NaN
7.851	1.2315
7.852	-0.591125
7.853	-1.539625
7.854	-1.552438
7.855	-1.099563
7.856	-0.766875
7.857	-0.68925
7.858	-0.5519375
7.859	-0.5400625
7.86	-0.32425
7.861	0.088375
7.862	0.3553125
7.863	-0.4279375
7.864	-1.455688
7.865	-0.8169375
7.866	0.2208125
7.867	0.1525625
7.868	-0.585
7.869	-0.3455625
7.87	0.7266875
7.871	0.5800625
7.872	0.5933125
7.873	1.876438
7.874	1.860813
7.875	0.1345625
7.876	-0.41025
7.877	0.1743125
7.878	-0.432375
7.879	-1.126563
7.88	-1.461
7.881	-1.534
7.882	-0.773875
7.883	0.1301875
7.884	-0.0029375
7.885	-0.7245625
7.886	-0.358625
7.887	0.71575
7.888	0.04075
7.889	-0.687
7.89	0.2705625
7.891	0.7690625
7.892	0.365
7.893	-0.34825
7.894	-0.9514375
7.895	-1.23275
7.896	-1.239813
7.897	-0.7658125
7.898	0.1650625
7.899	0.58125
7.9	1.0655
7.901	0.757875
7.902	-0.0991875
7.903	0.286
7.904	0.1144375
7.905	-0.436
7.906	-0.7690625
7.907	-0.6875625
7.908	-0.219375
7.909	0.14825
7.91	0.1961875
7.911	-0.693
7.912	-0.6504375
7.913	0.694375
7.914	0.608125
7.915	0.2845
7.916	0.8188125
7.917	0.419625
7.918	-0.251375
7.919	-0.5389375
7.92	-0.655
7.921	-0.675125
7.922	-0.951
7.923	-0.2041875
7.924	1.47675
7.925	1.221688
7.926	-0.1346875
7.927	0.415625
7.928	1.062688
7.929	-0.131
7.93	-1.10325
7.931	-0.6979375
7.932	-0.2603125
7.933	-0.512375
7.934	-0.9991875
7.935	-0.9466875
7.936	0.1973125
7.937	1.751125
7.938	1.749313
7.939	0.5960625
7.94	0.504375
7.941	0.4396875
7.942	-0.862
7.943	-2.044563
7.944	-1.386313
7.945	-0.4258125
7.946	-0.595875
7.947	-0.3983125
7.948	0.82575
7.949	1.031625
7.95	-0.3865625
7.951	-0.4666875
7.952	1.342125
7.953	1.288625
7.954	-0.8545
7.955	-1.386
7.956	-0.6203125
7.957	-0.4980625
7.958	-0.9030625
7.959	-1.1635
7.96	-0.3879375
7.961	0.888125
7.962	0.26125
7.963	-1.1005
7.964	-0.74825
7.965	0.076125
7.966	0.38175
7.967	0.009875
7.968	-1.184938
7.969	-1.075313
7.97	0.2214375
7.971	0.3195
7.972	-0.251625
7.973	-0.5925
7.974	-0.5614375
7.975	-0.171375
7.976	-0.2984375
7.977	-0.5321875
7.978	-0.5070625
7.979	-0.5049375
7.98	-0.4610625
7.981	-0.27775
7.982	-0.0719375
7.983	0.0470625
7.984	0.053625
7.985	-0.0191875
7.986	-0.0825
7.987	-0.20375
7.988	-0.261375
7.989	-0.238375
7.99	-0.1783125
7.991	-0.243375
7.992	-0.1953125
7.993	-6.25e-005
7.994	-0.0530625
7.995	-0.0121875
7.996	-0.01375
7.997	0.2123125
7.998	1.526625
7.999	NaN
8	1.189688
8.001	0.10675
8.002	-0.8970625
8.003	-1.006312
8.004	-0.26925
8.005	-0.0111875
8.006	-0.5995
8.007	-1.507875
8.008	-1.35075
8.009	-0.3496875
8.01	0.4310625
8.011	0.8438125
8.012	0.418625
8.013	-0.0699375
8.014	-0.7400625
8.015	-1.223313
8.016	-0.4445625
8.017	-0.778375
8.018	-1.375063
8.019	-0.748375
8.02	-0.8921875
8.021	-1.177188
8.022	-0.778125
8.023	-0.579875
8.024	-0.64
8.025	-1.017063
8.026	-1.268563
8.027	0.0846875
8.028	1.642125
8.029	1.4525
8.03	0.5156875
8.031	0.37075
8.032	0.660625
8.033	0.326
8.034	-0.5193125
8.035	-1.2065
8.036	-1.2885
8.037	-1.623
8.038	-1.314875
8.039	-0.4689375
8.04	-0.32875
8.041	-1.200813
8.042	NaN
8.043	-0.603
8.044	0.7326875
8.045	0.217625
8.046	-0.5231875
8.047	-0.9321875
8.048	-0.804
8.049	-0.651125
8.05	-0.3795
8.051	0.0644375
8.052	0.041375
8.053	-0.1738125
8.054	-0.240625
8.055	-0.289125
8.056	-0.07325
8.057	-0.1020625
8.058	-0.432
8.059	0.1075625
8.06	1.458125
8.061	NaN
8.062	0.466875
8.063	-0.740875
8.064	0.0658125
8.065	-0.38075
8.066	-0.96775
8.067	-0.9528125
8.068	-0.8800625
8.069	-0.788875
8.07	-0.9225625
8.071	-0.748875
8.072	-0.703875
8.073	-0.874125
8.074	-0.711625
8.075	-0.766375
8.076	-0.7945625
8.077	0.037625
8.078	0.422875
8.079	0.333375
8.08	0.737375
8.081	0.47575
8.082	0.48075
8.083	0.8980625
8.084	-0.101875
8.085	-0.6675
8.086	0.1685
8.087	-0.6303125
8.088	-1.530375
8.089	-0.2096875
8.09	0.12525
8.091	-0.669625
8.092	-0.787625
8.093	-0.482
8.094	-0.344875
8.095	-0.505625
8.096	-0.496125
8.097	-0.38525
8.098	0.1133125
8.099	0.7778125
8.1	0.1825
8.101	-0.677625
8.102	-0.3679375
8.103	0.5498125
8.104	0.6259375
8.105	-0.0611875
8.106	-1.102875
8.107	-1.754375
8.108	-1.19725
8.109	-0.219875
8.11	0.2679375
8.111	-0.60325
8.112	-1.19925
8.113	-0.500125
8.114	0.010125
8.115	-0.280875
8.116	-0.480625
8.117	-0.350375
8.118	-0.2534375
8.119	-0.5976875
8.12	-0.7804375
8.121	0.6924375
8.122	1.378375
8.123	0.5709375
8.124	0.0868125
8.125	0.019375
8.126	0.691375
8.127	0.651125
8.128	-0.6205625
8.129	-1.44675
8.13	-1.388625
8.131	-0.97475
8.132	-0.895625
8.133	-0.9110625
8.134	-0.672125
8.135	-0.655625
8.136	-0.57025
8.137	-0.3070625
8.138	-0.31825
8.139	-0.407125
8.14	-0.0568125
8.141	0.543625
8.142	0.4461875
8.143	0.2076875
8.144	-0.6461875
8.145	-0.599125
8.146	1.120313
8.147	0.79725
8.148	-0.3445
8.149	-0.422
8.15	-0.4176875
8.151	-0.325375
8.152	-0.648
8.153	-0.9506875
8.154	-0.59925
8.155	-0.459
8.156	-0.7023125
8.157	-0.4415625
8.158	0.3545
8.159	0.5413125
8.16	-0.2696875
8.161	-0.8730625
8.162	-0.48025
8.163	0.1481875
8.164	-0.136625
8.165	-0.253875
8.166	0.2906875
8.167	0.352375
8.168	0.427875
8.169	-0.0718125
8.17	-0.606875
8.171	0.1499375
8.172	0.75575
8.173	0.64575
8.174	0.2925
8.175	-0.80475
8.176	-1.254875
8.177	-0.777125
8.178	-0.7724375
8.179	-0.402875
8.18	-0.025
8.181	-0.9445625
8.182	-1.343687
8.183	-0.4508125
8.184	-0.383375
8.185	-0.411
8.186	0.1186875
8.187	0.114375
8.188	-0.1568125
8.189	-0.3154375
8.19	-0.4230625
8.191	-0.2184375
8.192	-0.26325
8.193	-0.6188125
8.194	-0.695875
8.195	-0.285875
8.196	0.6915625
8.197	0.2275625
8.198	-0.185
8.199	0.611
8.2	0.3281875
8.201	0.2984375
8.202	0.8448125
8.203	0.2245
8.204	-0.625625
8.205	-0.890625
8.206	-0.8201875
8.207	-0.5115625
8.208	-0.4443125
8.209	-0.205625
8.21	-0.333875
8.211	-0.5893125
8.212	0.20675
8.213	0.883
8.214	0.9720625
8.215	-0.2798125
8.216	-0.848625
8.217	0.2698125
8.218	0.606375
8.219	0.0135625
8.22	-1.281562
8.221	-1.400187
8.222	-0.2123125
8.223	-0.3145
8.224	-1.0765
8.225	-1.094313
8.226	-0.067625
8.227	0.861625
8.228	0.0185625
8.229	-0.4549375
8.23	-0.024625
8.231	0.06375
8.232	-0.15275
8.233	-0.51175
8.234	-0.8035
8.235	-0.729
8.236	-0.274875
8.237	0.115
8.238	0.362875
8.239	-0.0825625
8.24	0.134
8.241	0.8814375
8.242	1.467375
8.243	2.020125
8.244	-0.3663125
8.245	-1.804938
8.246	-0.454875
8.247	0.1533125
8.248	-0.401
8.249	-1.128188
8.25	-1.396937
8.251	-1.33175
8.252	-0.4908125
8.253	1.332875
8.254	2.032625
8.255	-0.390125
8.256	-1.58375
8.257	0.0735625
8.258	1.08825
8.259	1.143188
8.26	-0.0631875
8.261	-1.677812
8.262	-1.726563
8.263	-1.052188
8.264	-0.4515
8.265	-0.043625
8.266	-0.3679375
8.267	-0.9613125
8.268	-0.8455
8.269	-0.3815
8.27	0.117625
8.271	-0.0158125
8.272	-0.8521875
8.273	-0.5944375
8.274	0.27225
8.275	0.5566875
8.276	0.68475
8.277	0.7186875
8.278	0.3278125
8.279	0.0181875
8.28	0.3628125
8.281	0.5616875
8.282	-0.4941875
8.283	-1.229
8.284	-0.4853125
8.285	-0.1938125
8.286	-0.54925
8.287	-0.8250625
8.288	-0.7030625
8.289	-0.300375
8.29	-0.4119375
8.291	-0.141
8.292	0.207
8.293	-0.1628125
8.294	-0.3573125
8.295	-0.4075
8.296	-0.374875
8.297	-0.2313125
8.298	-0.098375
8.299	0.0804375
8.3	0.018375
8.301	-0.0564375
8.302	0.418625
8.303	0.8675625
8.304	0.3741875
8.305	0.3631875
8.306	1.386313
8.307	0.50175
8.308	-0.565
8.309	-0.298
8.31	-0.4549375
8.311	-1.090563
8.312	-1.0135
8.313	-0.6104375
8.314	-0.63325
8.315	0.363875
8.316	0.480625
8.317	0.0115
8.318	0.4333125
8.319	0.2811875
8.32	-0.3353125
8.321	-0.5918125
8.322	-0.5771875
8.323	-0.5309375
8.324	-0.2018125
8.325	0.094625
8.326	-0.204
8.327	-0.9364375
8.328	-1.055938
8.329	-0.5446875
8.33	0.539375
8.331	1.558438
8.332	0.574375
8.333	-1.095
8.334	-1.132562
8.335	0.651625
8.336	1.778063
8.337	0.867875
8.338	0.472125
8.339	-0.2195625
8.34	-1.268563
8.341	-1.028125
8.342	-0.8281875
8.343	-0.5534375
8.344	-0.6516875
8.345	-1.183125
8.346	-1.178438
8.347	-0.43
8.348	0.5838125
8.349	0.7653125
8.35	0.3375625
8.351	-0.1350625
8.352	-0.5021875
8.353	-0.385125
8.354	0.4776875
8.355	1.15325
8.356	0.7138125
8.357	-0.2085
8.358	-0.41525
8.359	0.0493125
8.36	-0.0205625
8.361	-0.795375
8.362	-1.10875
8.363	-1.01725
8.364	-0.9310625
8.365	-0.7075625
8.366	-0.4796875
8.367	-0.097125
8.368	0.235875
8.369	0.0375625
8.37	0.55375
8.371	0.4539375
8.372	-0.0311875
8.373	0.748125
8.374	0.4121875
8.375	-0.42225
8.376	-0.383625
8.377	-0.3259375
8.378	-0.352
8.379	-0.54675
8.38	-0.4845
8.381	0.0173125
8.382	-0.1588125
8.383	-0.4775
8.384	0.3345625
8.385	0.79125
8.386	-0.0594375
8.387	-0.621125
8.388	-0.1090625
8.389	0.2298125
8.39	-0.195125
8.391	-0.2849375
8.392	0.7199375
8.393	0.6041875
8.394	-1.197437
8.395	-0.9145
8.396	0.109625
8.397	0.6268125
8.398	0.604125
8.399	-0.7168125
8.4	-1.023
8.401	-0.5866875
8.402	-0.3540625
8.403	0.263125
8.404	1.007313
8.405	0.6620625
8.406	-0.6496875
8.407	-1.107875
8.408	-0.3633125
8.409	0.301875
8.41	-0.3115
8.411	-0.8811875
8.412	-0.427375
8.413	-0.391125
8.414	-0.376
8.415	-0.1503125
8.416	-0.03375
8.417	0.05725
8.418	0.0271875
8.419	0.5013125
8.42	0.99325
8.421	1.420938
8.422	0.96925
8.423	-0.4274375
8.424	-0.3921875
8.425	0.56275
8.426	0.138375
8.427	-0.9299375
8.428	-0.8983125
8.429	-0.776875
8.43	-0.8746875
8.431	-0.689375
8.432	-0.5859375
8.433	-0.47775
8.434	-0.5381875
8.435	-0.660375
8.436	0.1385
8.437	0.518875
8.438	-0.0113125
8.439	0.248625
8.44	0.1016875
8.441	0.189875
8.442	0.9275
8.443	0.419625
8.444	-0.5644375
8.445	-0.859
8.446	-0.63025
8.447	-0.517
8.448	-0.3860625
8.449	0.4463125
8.45	0.5715625
8.451	-0.5365625
8.452	-0.011875
8.453	1.47
8.454	1.07325
8.455	-0.440625
8.456	-0.264125
8.457	0.3524375
8.458	-0.7373125
8.459	-1.208938
8.46	-0.8645
8.461	-0.73525
8.462	-0.601875
8.463	-0.6110625
8.464	-0.71
8.465	-0.0659375
8.466	1.502125
8.467	NaN
8.468	0.5900625
8.469	-0.4140625
8.47	0.5100625
8.471	0.9363125
8.472	0.03775
8.473	-0.692375
8.474	-1.078313
8.475	-0.9713125
8.476	-0.63875
8.477	-0.756625
8.478	-0.909625
8.479	-0.914375
8.48	-0.54425
8.481	-0.0080625
8.482	-0.2338125
8.483	-0.064
8.484	0.8946875
8.485	1.096688
8.486	0.5414375
8.487	0.18975
8.488	0.1400625
8.489	-0.1090625
8.49	-0.1854375
8.491	-0.209125
8.492	-0.4629375
8.493	-0.393
8.494	-0.3255
8.495	-0.4203125
8.496	0.080375
8.497	0.8065625
8.498	0.49725
8.499	-0.0353125
8.5	-0.1683125
8.501	0.0093125
8.502	-0.307875
8.503	-1.007688
8.504	-0.490375
8.505	-0.3936875
8.506	-0.816875
8.507	-0.1349375
8.508	0.9805625
8.509	1.273125
8.51	0.307875
8.511	-0.569375
8.512	-0.422375
8.513	0.2086875
8.514	0.209125
8.515	-0.2083125
8.516	-0.563125
8.517	-0.5580625
8.518	0.092375
8.519	0.0651875
8.52	-0.4285625
8.521	-0.6563125
8.522	-0.6383125
8.523	-0.3399375
8.524	0.0308125
8.525	0.010625
8.526	-0.4759375
8.527	-0.045375
8.528	0.772
8.529	0.5638125
8.53	-0.0548125
8.531	-0.4909375
8.532	-0.6405625
8.533	-0.358375
8.534	-0.0616875
8.535	0.044125
8.536	0.1571875
8.537	0.885625
8.538	0.99625
8.539	-0.00725
8.54	0.1215
8.541	0.2940625
8.542	0.1350625
8.543	0.120375
8.544	-0.1645625
8.545	-0.2915
8.546	-0.4028125
8.547	-0.5195
8.548	-0.6849375
8.549	-0.171125
8.55	0.5823125
8.551	0.28225
8.552	0.2793125
8.553	0.264
8.554	-0.2135625
8.555	0.2266875
8.556	1.139688
8.557	0.1370625
8.558	-1.094813
8.559	-0.889
8.56	-0.82175
8.561	-0.60925
8.562	-0.22825
8.563	0.2224375
8.564	0.4878125
8.565	-0.645375
8.566	-1.0015
8.567	0.5299375
8.568	1.626438
8.569	1.762563
8.57	-0.1825625
8.571	-1.3975
8.572	-0.891375
8.573	-0.4803125
8.574	0.169125
8.575	-0.1049375
8.576	-0.182
8.577	1.196563
8.578	1.861938
8.579	-0.088625
8.58	-1.363687
8.581	-0.4811875
8.582	0.188625
8.583	-0.13175
8.584	-0.8893125
8.585	-1.130813
8.586	-0.954625
8.587	-0.4285
8.588	0.4123125
8.589	0.8168125
8.59	0.3291875
8.591	-0.3575
8.592	-0.22475
8.593	0.570125
8.594	0.59675
8.595	-0.2239375
8.596	-1.130313
8.597	-1.95225
8.598	-1.358375
8.599	0.7308125
8.6	1.381438
8.601	1.065625
8.602	0.37575
8.603	-0.6399375
8.604	0.3538125
8.605	1.087563
8.606	0.17925
8.607	-0.64625
8.608	-0.9206875
8.609	-0.86225
8.61	-0.724875
8.611	-0.5295
8.612	-0.579875
8.613	-0.6269375
8.614	-0.488
8.615	-0.3918125
8.616	-0.3414375
8.617	-0.3269375
8.618	-0.26425
8.619	-0.242
8.62	-0.31325
8.621	-0.1475
8.622	0.154
8.623	0.2553125
8.624	0.393625
8.625	0.634
8.626	-0.016125
8.627	-0.4638125
8.628	0.1576875
8.629	0.61025
8.63	0.536125
8.631	-0.4974375
8.632	-0.272125
8.633	1.322125
8.634	NaN
8.635	1.238563
8.636	-1.068313
8.637	-0.93375
8.638	1.666813
8.639	1.839125
8.64	0.0310625
8.641	-0.916125
8.642	-1.282625
8.643	-1.44225
8.644	-1.24725
8.645	-0.867
8.646	-0.6435
8.647	-0.5680625
8.648	-0.155625
8.649	0.2348125
8.65	0.2816875
8.651	-0.75625
8.652	-0.6835625
8.653	0.7845625
8.654	1.334
8.655	1.362063
8.656	0.3860625
8.657	-0.2554375
8.658	0.0154375
8.659	0.055
8.66	0.1035625
8.661	0.0610625
8.662	-0.4670625
8.663	-0.7976875
8.664	-0.8334375
8.665	-0.76975
8.666	-0.4394375
8.667	0.0920625
8.668	0.7834375
8.669	0.7261875
8.67	-0.0313125
8.671	-0.611875
8.672	-0.4628125
8.673	0.1228125
8.674	0.071375
8.675	-1.152937
8.676	-1.381063
8.677	-0.0995625
8.678	0.837625
8.679	0.4315625
8.68	-0.5520625
8.681	-0.5535
8.682	-0.0314375
8.683	0.4009375
8.684	0.23025
8.685	-0.0456875
8.686	0.11125
8.687	0.330875
8.688	0.32775
8.689	0.0838125
8.69	-0.3616875
8.691	-0.3353125
8.692	-0.028125
8.693	0.1745
8.694	0.7974375
8.695	1.088313
8.696	0.040875
8.697	-0.6725
8.698	-0.637125
8.699	-0.2566875
8.7	0.845
8.701	1.279125
8.702	0.28375
8.703	-0.754375
8.704	-0.70725
8.705	-0.3888125
8.706	-0.548375
8.707	-0.885
8.708	-0.8884375
8.709	-0.6949375
8.71	-0.77475
8.711	-0.5343125
8.712	0.1704375
8.713	1.156125
8.714	1.188875
8.715	-0.28875
8.716	-0.5828125
8.717	0.0548125
8.718	0.44875
8.719	0.794625
8.72	0.7306875
8.721	0.440125
8.722	0.083375
8.723	-0.6756875
8.724	-1.053875
8.725	-0.0536875
8.726	0.077
8.727	-0.4275625
8.728	0.1383125
8.729	0.3988125
8.73	-0.2944375
8.731	-0.6853125
8.732	0.335375
8.733	0.524
8.734	-0.3961875
8.735	-0.8035625
8.736	-0.767
8.737	-0.0650625
8.738	0.378125
8.739	-0.5609375
8.74	-1.081813
8.741	0.5328125
8.742	1.29725
8.743	1.279375
8.744	1.038313
8.745	-0.0580625
8.746	0.1559375
8.747	0.3545625
8.748	-0.0495625
8.749	-0.2540625
8.75	-0.5178125
8.751	-0.881125
8.752	-1.170313
8.753	-0.951125
8.754	-0.62925
8.755	-0.5481875
8.756	-0.47775
8.757	-0.4041875
8.758	-0.2975625
8.759	0.174125
8.76	0.93725
8.761	0.515625
8.762	-1.33675
8.763	-0.5631875
8.764	1.942188
8.765	1.697437
8.766	-0.6309375
8.767	-1.492375
8.768	0.528
8.769	1.043813
8.77	-0.5039375
8.771	-1.200313
8.772	-1.232687
8.773	-0.936875
8.774	-0.5413125
8.775	-0.501625
8.776	-0.5723125
8.777	-0.3938125
8.778	-0.38125
8.779	-0.396375
8.78	-0.21725
8.781	-0.244625
8.782	-0.310625
8.783	-0.491875
8.784	-0.8623125
8.785	-0.6586875
8.786	-0.21425
8.787	-0.4131875
8.788	-0.9365
8.789	-0.44075
8.79	0.4819375
8.791	0.679
8.792	0.0620625
8.793	-0.6678125
8.794	0.02325
8.795	0.7134375
8.796	0.33725
8.797	-0.6255625
8.798	-0.5943125
8.799	0.095875
8.8	0.41775
8.801	0.649875
8.802	0.2260625
8.803	-0.012
8.804	0.0088125
8.805	0.5736875
8.806	0.364875
8.807	-0.9738125
8.808	-1.51825
8.809	-0.9178125
8.81	-0.362625
8.811	-0.3525
8.812	-0.4238125
8.813	-0.2195625
8.814	0.1436875
8.815	0.0113125
8.816	-0.22475
8.817	-0.163875
8.818	-0.163875
8.819	-0.412
8.82	-0.84475
8.821	-0.5786875
8.822	0.2985
8.823	0.167
8.824	-0.764
8.825	-0.948125
8.826	-0.165875
8.827	0.7858125
8.828	1.223125
8.829	1.028
8.83	0.4651875
8.831	0.396125
8.832	0.553625
8.833	-0.33
8.834	-1.455625
8.835	-1.494813
8.836	-0.674625
8.837	-0.5674375
8.838	-0.8528125
8.839	-0.7961875
8.84	-0.745625
8.841	-0.2520625
8.842	-0.0156875
8.843	-0.6815
8.844	-0.7696875
8.845	-0.420375
8.846	-0.0595625
8.847	1.144438
8.848	1.532875
8.849	-0.0670625
8.85	-1.213688
8.851	-0.975375
8.852	-0.81075
8.853	-0.563
8.854	-0.754875
8.855	-1.022813
8.856	-0.460125
8.857	-0.0676875
8.858	-0.150625
8.859	-0.4081875
8.86	-0.7460625
8.861	-0.5613125
8.862	0.458
8.863	1.029625
8.864	0.526875
8.865	0.25575
8.866	0.7720625
8.867	1.596125
8.868	1.194375
8.869	-0.76225
8.87	-1.336875
8.871	-0.0389375
8.872	0.5441875
8.873	-0.5510625
8.874	-1.431563
8.875	-1.035
8.876	-0.0545625
8.877	0.2150625
8.878	-0.0299375
8.879	-0.888
8.88	-1.671125
8.881	-0.8308125
8.882	-0.1394375
8.883	-0.1541875
8.884	-0.0711875
8.885	-0.5520625
8.886	-0.446375
8.887	0.2375
8.888	0.3353125
8.889	0.203625
8.89	-0.29875
8.891	0.022
8.892	0.1864375
8.893	-0.5270625
8.894	-0.5331875
8.895	0.599
8.896	1.074313
8.897	0.1384375
8.898	0.143125
8.899	0.906125
8.9	0.998875
8.901	0.5236875
8.902	-0.059125
8.903	-1.058625
8.904	-1.786125
8.905	-1.431063
8.906	-0.6433125
8.907	-0.307
8.908	-0.478125
8.909	-0.9555625
8.91	-0.999625
8.911	-0.399125
8.912	0.29925
8.913	1.341687
8.914	1.363375
8.915	-0.0609375
8.916	-0.755375
8.917	-0.055125
8.918	0.6411875
8.919	0.3056875
8.92	-0.2394375
8.921	-0.550375
8.922	-0.6906875
8.923	-0.86725
8.924	-1.279313
8.925	-1.059688
8.926	-0.5254375
8.927	-0.29775
8.928	-0.311
8.929	-0.4039375
8.93	0.3426875
8.931	1.118813
8.932	0.178
8.933	-0.5315
8.934	-0.059375
8.935	0.061125
8.936	-0.522375
8.937	-0.846375
8.938	-0.1748125
8.939	0.63675
8.94	0.8135
8.941	-0.8175625
8.942	-0.9463125
8.943	0.5550625
8.944	0.2806875
8.945	-0.7725625
8.946	-1.003438
8.947	0.1624375
8.948	1.026063
8.949	0.7075
8.95	-0.09225
8.951	-0.6963125
8.952	-0.4461875
8.953	0.5059375
8.954	1.100438
8.955	-0.4834375
8.956	NaN
8.957	-1.45075
8.958	-0.479875
8.959	-0.3329375
8.96	-0.4730625
8.961	-0.389125
8.962	0.257
8.963	0.9740625
8.964	0.0481875
8.965	-0.884625
8.966	-0.231
8.967	0.548125
8.968	0.6215625
8.969	-0.222
8.97	-0.698875
8.971	-0.6071875
8.972	-0.706375
8.973	-0.7594375
8.974	0.2318125
8.975	1.558063
8.976	0.9096875
8.977	-0.5071875
8.978	-0.832875
8.979	-0.0384375
8.98	0.4375625
8.981	0.0625
8.982	0.2505625
8.983	-0.1189375
8.984	-0.5003125
8.985	-0.448625
8.986	-0.7341875
8.987	-0.3906875
8.988	0.191875
8.989	0.085875
8.99	-0.4568125
8.991	-0.429375
8.992	0.5033125
8.993	1.273625
8.994	-0.133
8.995	NaN
8.996	-0.8626875
8.997	1.415375
8.998	1.272813
8.999	0.4481875
9	-0.18075
9.001	-0.58075
9.002	-0.7643125
9.003	-1.055938
9.004	-1.248375
9.005	-1.192875
9.006	-1.234188
9.007	-1.223188
9.008	-0.4605625
9.009	0.4375625
9.01	1.12425
9.011	0.0831875
9.012	-0.4935
9.013	0.7409375
9.014	1.152375
9.015	1.257313
9.016	0.6285
9.017	0.109375
9.018	0.046125
9.019	-0.60275
9.02	-1.02825
9.021	-1.317188
9.022	-1.313625
9.023	-0.8550625
9.024	-0.7735
9.025	-0.83825
9.026	-0.473125
9.027	-0.105125
9.028	-0.1316875
9.029	-0.2969375
9.03	-0.2513125
9.031	-0.082875
9.032	-0.0816875
9.033	-0.21725
9.034	-0.2789375
9.035	0.5615625
9.036	0.830125
9.037	-0.59275
9.038	-0.3344375
9.039	0.6593125
9.04	0.8634375
9.041	0.8595
9.042	-0.4725625
9.043	-0.2195625
9.044	0.1838125
9.045	-0.7656875
9.046	-0.47175
9.047	0.0243125
9.048	0.31875
9.049	0.567375
9.05	0.2085625
9.051	-0.5426875
9.052	-0.8335625
9.053	-0.3395
9.054	-0.2024375
9.055	-0.5184375
9.056	-0.88625
9.057	-0.656375
9.058	0.4840625
9.059	1.249313
9.06	0.211375
9.061	-0.94925
9.062	-0.7483125
9.063	-0.2324375
9.064	0.1173125
9.065	0.5935
9.066	0.9154375
9.067	-0.0211875
9.068	-0.4706875
9.069	0.2485625
9.07	0.686125
9.071	0.8485625
9.072	0.368375
9.073	-1.5525
9.074	-1.8285
9.075	0.0258125
9.076	1.0125
9.077	0.5216875
9.078	-0.7055
9.079	-1.24825
9.08	-1.259875
9.081	-1.270063
9.082	-1.067313
9.083	-0.737125
9.084	-0.2615625
9.085	0.2983125
9.086	0.3735
9.087	-0.305
9.088	-0.4501875
9.089	0.6735625
9.09	1.272313
9.091	0.0035625
9.092	-0.417625
9.093	1.080125
9.094	1.814375
9.095	0.122875
9.096	-1.444188
9.097	-0.814875
9.098	0.149125
9.099	0.174625
9.1	-0.624875
9.101	-1.04725
9.102	-0.8640625
9.103	-0.7120625
9.104	-0.2313125
9.105	0.1025625
9.106	-0.1613125
9.107	-0.5081875
9.108	-0.62175
9.109	-0.8215
9.11	-0.535
9.111	0.4258125
9.112	1.222687
9.113	-0.183
9.114	-1.716
9.115	0.2221875
9.116	1.219563
9.117	0.2405625
9.118	-0.3574375
9.119	-0.671625
9.12	-0.7289375
9.121	-0.62325
9.122	-0.3794375
9.123	-0.1395625
9.124	-0.126
9.125	0.021625
9.126	0.3055
9.127	-0.01875
9.128	-0.155875
9.129	-0.173625
9.13	0.03925
9.131	0.222375
9.132	0.3398125
9.133	0.3441875
9.134	-0.690125
9.135	-0.975375
9.136	-0.1141875
9.137	0.37325
9.138	0.2286875
9.139	0.3635
9.14	0.484375
9.141	-0.8981875
9.142	-1.148438
9.143	0.7946875
9.144	1.731875
9.145	0.3141875
9.146	-0.3045625
9.147	0.541625
9.148	0.10325
9.149	-0.4515
9.15	-0.8379375
9.151	-1.022188
9.152	-0.9329375
9.153	-0.8283125
9.154	-0.0534375
9.155	0.18525
9.156	-0.168875
9.157	-0.151125
9.158	-0.4574375
9.159	-0.535
9.16	-0.360625
9.161	-0.2671875
9.162	0.43875
9.163	0.8221875
9.164	-0.1615625
9.165	-1.048437
9.166	-0.247
9.167	0.33125
9.168	0.579375
9.169	0.75775
9.17	0.019125
9.171	-0.3098125
9.172	-0.2938125
9.173	-0.191375
9.174	-0.1229375
9.175	-0.617625
9.176	-1.043938
9.177	-0.9448125
9.178	-0.2885
9.179	-0.3650625
9.18	-1.107875
9.181	-0.597625
9.182	-0.0341875
9.183	0.09525
9.184	0.5625
9.185	0.800125
9.186	0.0034375
9.187	-0.8735
9.188	-0.238
9.189	-0.413625
9.19	-0.8004375
9.191	-0.1914375
9.192	0.0521875
9.193	0.0640625
9.194	-0.2229375
9.195	0.6160625
9.196	1.176438
9.197	0.505125
9.198	0.1724375
9.199	-0.5326875
9.2	-0.167
9.201	0.3736875
9.202	-0.0786875
9.203	-0.696
9.204	-1.205062
9.205	-1.205875
9.206	-1.069313
9.207	-0.961
9.208	-0.6605625
9.209	-0.1180625
9.21	0.2005625
9.211	0.166625
9.212	-0.1820625
9.213	-0.1233125
9.214	0.323
9.215	0.1628125
9.216	-0.117625
9.217	-0.454375
9.218	-0.914875
9.219	-0.416375
9.22	0.702125
9.221	1.378688
9.222	-0.5184375
9.223	-1.995125
9.224	0.02775
9.225	1.286125
9.226	0.879375
9.227	0.48025
9.228	-0.0548125
9.229	-0.314375
9.23	-0.3720625
9.231	-0.0915625
9.232	0.486375
9.233	0.0319375
9.234	-1.120625
9.235	-1.121125
9.236	0.14475
9.237	-0.155875
9.238	-1.375063
9.239	-0.617
9.24	0.476625
9.241	0.4745625
9.242	-0.33275
9.243	-0.64725
9.244	0.540125
9.245	1.286188
9.246	0.5268125
9.247	-1.18775
9.248	-1.348062
9.249	-0.3485625
9.25	-0.3273125
9.251	-0.053125
9.252	-0.089125
9.253	-0.6215625
9.254	-0.6128125
9.255	-0.4389375
9.256	-0.2306875
9.257	-0.143375
9.258	-0.1653125
9.259	0.002625
9.26	0.35625
9.261	0.4156875
9.262	-0.1656875
9.263	-0.3656875
9.264	-0.057375
9.265	-0.075625
9.266	-0.35625
9.267	-0.89325
9.268	-0.76375
9.269	-0.18825
9.27	-0.2013125
9.271	-0.2389375
9.272	-0.116375
9.273	0.041125
9.274	0.0743125
9.275	0.291125
9.276	0.987125
9.277	0.701
9.278	0.4823125
9.279	0.192625
9.28	-1.18675
9.281	-0.5805625
9.282	0.3725625
9.283	-0.1225625
9.284	-0.3140625
9.285	-0.4656875
9.286	-0.8626875
9.287	-0.769
9.288	-0.075625
9.289	0.5279375
9.29	-0.2840625
9.291	-0.8156875
9.292	-0.11325
9.293	0.226375
9.294	0.6655625
9.295	0.4434375
9.296	0.3371875
9.297	0.4088125
9.298	-0.3825625
9.299	-0.856
9.3	-0.6100625
9.301	0.21325
9.302	-0.5268125
9.303	-1.177938
9.304	-0.4318125
9.305	-0.1439375
9.306	-0.2186875
9.307	-0.5843125
9.308	-0.9511875
9.309	-0.9168125
9.31	-0.3518125
9.311	-0.2713125
9.312	-0.5925
9.313	-0.3083125
9.314	0.1134375
9.315	0.4508125
9.316	0.7569375
9.317	0.8886875
9.318	0.5105625
9.319	0.192
9.32	0.16575
9.321	-0.333875
9.322	-0.8398125
9.323	-0.482
9.324	0.3219375
9.325	0.141125
9.326	-0.4193125
9.327	-0.5316875
9.328	-0.5628125
9.329	-0.7589375
9.33	-0.854875
9.331	-0.71825
9.332	-0.00825
9.333	0.5185
9.334	0.7613125
9.335	1.151313
9.336	0.6513125
9.337	-0.0685
9.338	-0.226
9.339	-0.13525
9.34	-0.1424375
9.341	-0.6711875
9.342	-0.9931875
9.343	-1.008813
9.344	-1.271188
9.345	-1.255625
9.346	-0.8788125
9.347	-0.112125
9.348	0.3954375
9.349	-0.1288125
9.35	-0.4820625
9.351	0.1146875
9.352	1.42125
9.353	1.181938
9.354	-0.2985625
9.355	0.04175
9.356	0.4439375
9.357	0.423625
9.358	0.01125
9.359	-1.261063
9.36	-1.066375
9.361	-0.681375
9.362	-0.4180625
9.363	0.1231875
9.364	-0.7389375
9.365	-0.92825
9.366	-0.5245625
9.367	-0.57425
9.368	-0.3251875
9.369	-0.3523125
9.37	-0.304875
9.371	-0.2546875
9.372	-0.5405
9.373	-0.5710625
9.374	-0.5760625
9.375	-0.496875
9.376	-0.3273125
9.377	0.089625
9.378	0.2015
9.379	-0.235
9.38	-0.22375
9.381	-0.3050625
9.382	-0.0351875
9.383	0.5269375
9.384	0.6311875
9.385	0.528125
9.386	0.8174375
9.387	1.178875
9.388	0.7705625
9.389	0.315875
9.39	-0.20825
9.391	-1.01
9.392	-1.441437
9.393	-1.39825
9.394	-0.931875
9.395	-0.4350625
9.396	-0.462125
9.397	-0.8548125
9.398	-0.508
9.399	-0.0114375
9.4	0.0225
9.401	-0.034
9.402	-0.2398125
9.403	-0.2134375
9.404	-0.3235625
9.405	-0.453125
9.406	-0.3240625
9.407	-0.27025
9.408	-0.3090625
9.409	-0.2413125
9.41	-0.1874375
9.411	-0.463875
9.412	-0.646375
9.413	-0.389625
9.414	0.1265
9.415	0.7221875
9.416	0.792
9.417	-0.513125
9.418	-0.9335625
9.419	0.5934375
9.42	1.299063
9.421	0.0745
9.422	-0.6135
9.423	-0.0748125
9.424	-0.336625
9.425	-0.5475625
9.426	0.101
9.427	0.74975
9.428	0.3305
9.429	-0.947
9.43	-0.943875
9.431	0.3506875
9.432	1.539187
9.433	1.801125
9.434	-0.433625
9.435	NaN
9.436	-1.140937
9.437	0.0869375
9.438	-0.420125
9.439	-1.138438
9.44	-1.1045
9.441	-0.8786875
9.442	-0.635
9.443	-0.6264375
9.444	-0.3969375
9.445	-0.480625
9.446	-1.021063
9.447	-0.39975
9.448	0.6130625
9.449	0.031125
9.45	-0.899
9.451	-0.39675
9.452	0.475125
9.453	0.6938125
9.454	0.8065
9.455	0.6345
9.456	-0.1981875
9.457	-0.721625
9.458	-0.473875
9.459	-0.408125
9.46	-0.6504375
9.461	-0.8381875
9.462	-0.58425
9.463	0.393625
9.464	1.487813
9.465	1.368
9.466	-0.315
9.467	-0.7850625
9.468	0.452125
9.469	0.3514375
9.47	-0.821125
9.471	-1.356
9.472	-0.6918125
9.473	-0.724375
9.474	-0.8761875
9.475	-0.238
9.476	-0.7399375
9.477	-0.649875
9.478	0.2123125
9.479	0.403125
9.48	-0.0639375
9.481	-0.3695625
9.482	-0.4055625
9.483	-0.3001875
9.484	-0.0668125
9.485	-0.457625
9.486	0.2985625
9.487	1.235688
9.488	1.360938
9.489	0.7674375
9.49	-1.16275
9.491	-1.67625
9.492	-0.712
9.493	-0.2741875
9.494	-0.5873125
9.495	-0.752125
9.496	0.039
9.497	0.1140625
9.498	-0.377
9.499	-0.188875
9.5	-0.3635
9.501	-0.675375
9.502	-0.7473125
9.503	-0.3901875
9.504	-0.0728125
9.505	-0.466875
9.506	-0.74725
9.507	-0.717
9.508	-0.322625
9.509	-0.30275
9.51	-1.4735
9.511	-1.175688
9.512	0.8888125
9.513	2.035813
9.514	NaN
9.515	0.7685
9.516	-0.1533125
9.517	-0.38075
9.518	-1.069313
9.519	-1.009875
9.52	-0.9863125
9.521	-1.247188
9.522	-1.303375
9.523	-1.599
9.524	-1.167438
9.525	-0.5624375
9.526	-0.5316875
9.527	-0.3388125
9.528	-0.280375
9.529	-0.614625
9.53	-1.29
9.531	-0.588875
9.532	0.06475
9.533	-0.3426875
9.534	-0.485
9.535	-0.677125
9.536	-0.462125
9.537	-0.178625
9.538	-0.40375
9.539	-0.80075
9.54	-0.9575
9.541	-0.820875
9.542	-0.8125
9.543	-0.851875
9.544	-0.2950625
9.545	0.2755625
9.546	0.5728125
9.547	0.29025
9.548	-0.3426875
9.549	-0.7585625
9.55	-0.518125
9.551	-0.0848125
9.552	-0.8025625
9.553	-1.498938
9.554	-1.384375
9.555	-1.013375
9.556	-0.7208125
9.557	-0.6005625
9.558	-0.573125
9.559	-0.3245
9.56	0.1429375
9.561	0.3888125
9.562	0.2236875
9.563	-0.1085625
9.564	-0.20625
9.565	-0.645125
9.566	-1.398
9.567	-0.9880625
9.568	0.1084375
9.569	0.1850625
9.57	-0.054625
9.571	-0.3180625
9.572	-0.0615
9.573	0.15375
9.574	-0.7318125
9.575	-0.7449375
9.576	-0.7900625
9.577	-0.7490625
9.578	-0.44675
9.579	-0.77075
9.58	-0.2995625
9.581	-0.17875
9.582	-0.6275625
9.583	-0.605375
9.584	-0.7963125
9.585	-1.1835
9.586	-1.145
9.587	-0.406
9.588	0.7749375
9.589	0.984375
9.59	0.2405
9.591	-0.1045
9.592	0.0954375
9.593	0.2520625
9.594	-0.172625
9.595	-1.079313
9.596	-1.3415
9.597	-1.326437
9.598	-1.474563
9.599	-1.276875
9.6	-1.11675
9.601	-1.06525
9.602	-1.033688
9.603	-0.660875
9.604	-0.553
9.605	-0.7001875
9.606	-0.3496875
9.607	0.03875
9.608	0.425625
9.609	0.362125
9.61	0.3615625
9.611	0.4716875
9.612	-0.83925
9.613	-0.7588125
9.614	0.284625
9.615	-0.1411875
9.616	-0.0566875
9.617	-0.5693125
9.618	-1.38
9.619	-1.153813
9.62	-0.9505
9.621	-0.437
9.622	-0.623625
9.623	-1.5725
9.624	-1.006813
9.625	0.0876875
9.626	0.21425
9.627	0.0010625
9.628	-0.72375
9.629	-0.9730625
9.63	-0.229125
9.631	-0.023125
9.632	-0.3189375
9.633	-0.9006875
9.634	-0.9773125
9.635	-0.218
9.636	0.685875
9.637	0.667375
9.638	-0.6634375
9.639	-0.88375
9.64	-0.221
9.641	-0.146375
9.642	-0.331125
9.643	-0.6261875
9.644	-0.9586875
9.645	-1.067375
9.646	-1.04175
9.647	-1.016375
9.648	-0.9165
9.649	-0.898875
9.65	-0.8774375
9.651	-0.71975
9.652	-0.1939375
9.653	0.2128125
9.654	0.045
9.655	0.056375
9.656	-0.0815625
9.657	-0.049375
9.658	0.03925
9.659	-0.3326875
9.66	-0.866375
9.661	-1.438875
9.662	-0.96975
9.663	-0.19175
9.664	-0.3500625
9.665	-0.5218125
9.666	0.0379375
9.667	0.406875
9.668	-0.203375
9.669	-0.9039375
9.67	-0.4691875
9.671	0.0028125
9.672	-0.1178125
9.673	-0.2153125
9.674	-0.0571875
9.675	-0.168375
9.676	-0.9415
9.677	-1.00775
9.678	-0.15125
9.679	0.4320625
9.68	0.067875
9.681	-0.547875
9.682	-0.4011875
9.683	-0.592875
9.684	-0.9181875
9.685	-1.308437
9.686	-1.567688
9.687	-0.163375
9.688	1.5855
9.689	0.8321875
9.69	-1.20825
9.691	-1.215
9.692	0.000875
9.693	0.3885625
9.694	-0.3593125
9.695	-1.093063
9.696	-1.468625
9.697	-1.314875
9.698	-0.8610625
9.699	-0.811875
9.7	-0.7368125
9.701	-0.6215625
9.702	-0.691875
9.703	-0.791625
9.704	-0.6411875
9.705	-0.2481875
9.706	-0.0155625
9.707	-0.1134375
9.708	-0.0088125
9.709	0.7698125
9.71	0.9620625
9.711	0.0698125
9.712	-0.392
9.713	-0.3255625
9.714	-0.599375
9.715	-1.015375
9.716	-1.054313
9.717	-1.039438
9.718	-0.8854375
9.719	-0.67675
9.72	-0.1280625
9.721	-0.1488125
9.722	-0.8505
9.723	-0.1453125
9.724	0.4019375
9.725	0.233625
9.726	0.2409375
9.727	-0.14475
9.728	-0.7514375
9.729	-0.934875
9.73	-0.9411875
9.731	-1.007313
9.732	-1.0185
9.733	-0.75725
9.734	-0.6444375
9.735	-1.156562
9.736	-0.88825
9.737	0.2346875
9.738	0.640125
9.739	-0.2860625
9.74	-0.3085625
9.741	0.4125625
9.742	0.01075
9.743	0.048625
9.744	0.464375
9.745	0.18525
9.746	-0.73775
9.747	-1.11775
9.748	-0.3250625
9.749	-0.061375
9.75	-0.429625
9.751	-0.731375
9.752	-1.056313
9.753	-1.087438
9.754	-1.003813
9.755	-0.9719375
9.756	-1.008438
9.757	-1.000625
9.758	-0.7303125
9.759	0.030875
9.76	1.103
9.761	1.512063
9.762	0.244375
9.763	-1.566563
9.764	-0.6785625
9.765	1.2515
9.766	0.9629375
9.767	-0.54275
9.768	-1.645813
9.769	-1.510375
9.77	-1.093625
9.771	-1.091438
9.772	-0.9453125
9.773	-0.779375
9.774	-0.7695
9.775	-0.632875
9.776	-0.5398125
9.777	-0.404125
9.778	-0.47175
9.779	-1.008563
9.78	-0.650375
9.781	-0.1218125
9.782	-0.2821875
9.783	-0.5031875
9.784	-0.4751875
9.785	-0.0611875
9.786	0.2878125
9.787	-0.0149375
9.788	-0.53925
9.789	0.854375
9.79	NaN
9.791	1.576625
9.792	0.4511875
9.793	-0.985875
9.794	-0.6065625
9.795	-0.735125
9.796	-1.769125
9.797	-1.429938
9.798	-1.144562
9.799	-0.660625
9.8	0.0016875
9.801	-0.0559375
9.802	-1.273125
9.803	-1.7805
9.804	-0.64525
9.805	-0.1505625
9.806	-0.538875
9.807	-0.6384375
9.808	-0.682875
9.809	-0.9455
9.81	-1.061688
9.811	-1.042812
9.812	-1.207437
9.813	-0.935
9.814	-0.115125
9.815	1.445437
9.816	1.912938
9.817	-0.107375
9.818	-0.3121875
9.819	0.657375
9.82	0.448375
9.821	0.126
9.822	-0.3650625
9.823	-1.448563
9.824	-1.632125
9.825	-0.4444375
9.826	-0.1391875
9.827	-0.4290625
9.828	-0.6885625
9.829	-0.991875
9.83	-0.99275
9.831	-0.88625
9.832	-0.426875
9.833	-0.1740625
9.834	-0.2359375
9.835	-0.133375
9.836	0.476375
9.837	1.172625
9.838	0.2985
9.839	-0.4408125
9.84	-0.3094375
9.841	-0.3599375
9.842	-0.68075
9.843	-0.875125
9.844	-0.8259375
9.845	-0.77675
9.846	-0.6294375
9.847	-0.691375
9.848	-0.59375
9.849	-0.6946875
9.85	-0.529625
9.851	-0.1730625
9.852	-0.5194375
9.853	-0.5004375
9.854	-0.457875
9.855	-0.2834375
9.856	0.613125
9.857	1.592375
9.858	1.491375
9.859	-0.5105625
9.86	NaN
9.861	-1.302375
9.862	0.437875
9.863	0.3205
9.864	-0.6881875
9.865	-0.38675
9.866	-0.071875
9.867	-0.4703125
9.868	-0.4580625
9.869	-0.497625
9.87	-0.65075
9.871	-0.9333125
9.872	-1.19975
9.873	-1.029375
9.874	-0.9965
9.875	-0.77175
9.876	-0.7415625
9.877	-0.96525
9.878	-0.4051875
9.879	-0.10875
9.88	-0.3194375
9.881	-0.2431875
9.882	-0.2486875
9.883	-0.220375
9.884	-0.206625
9.885	-0.41225
9.886	-0.808375
9.887	-0.397625
9.888	0.6451875
9.889	1.630625
9.89	0.4781875
9.891	-1.461938
9.892	-0.112375
9.893	1.68925
9.894	1.341438
9.895	0.040625
9.896	-0.6773125
9.897	-0.2328125
9.898	0.0495625
9.899	-0.676875
9.9	-1.346062
9.901	-1.617687
9.902	-1.550625
9.903	-1.081375
9.904	-0.587875
9.905	-0.034875
9.906	-0.2804375
9.907	-0.757875
9.908	-0.771125
9.909	-0.731375
9.91	-0.027375
9.911	0.0669375
9.912	-0.2064375
9.913	-0.2208125
9.914	-0.971625
9.915	-1.129813
9.916	-0.5800625
9.917	-0.3480625
9.918	0.0019375
9.919	0.486
9.92	0.6779375
9.921	-0.0253125
9.922	-0.398375
9.923	0.0506875
9.924	0.086875
9.925	-0.370375
9.926	-0.9635
9.927	-0.663875
9.928	-0.41375
9.929	-0.6085
9.93	-0.533375
9.931	-0.059125
9.932	0.0824375
9.933	-0.7709375
9.934	-0.7135625
9.935	0.166625
9.936	0.376125
9.937	-0.2650625
9.938	-1.127188
9.939	-0.73175
9.94	-0.1306875
9.941	-0.605875
9.942	-0.5985
9.943	-0.13225
9.944	0.12125
9.945	-0.081875
9.946	-0.3588125
9.947	-0.474875
9.948	-0.65375
9.949	-0.8428125
9.95	-0.8275625
9.951	-0.54925
9.952	-0.5373125
9.953	-0.2331875
9.954	0.4186875
9.955	0.0780625
9.956	-0.4279375
9.957	-0.0789375
9.958	0.10875
9.959	-0.2481875
9.96	-0.790125
9.961	-1.02025
9.962	-0.5915
9.963	0.003
9.964	0.2048125
9.965	0.4473125
9.966	0.7186875
9.967	0.1375
9.968	-0.432375
9.969	-0.18675
9.97	0.045625
9.971	-0.506625
9.972	-1.175438
9.973	-0.927625
9.974	-0.27975
9.975	-0.2289375
9.976	-0.6843125
9.977	-0.537
9.978	-0.2105625
9.979	-0.361
9.98	-0.7889375
9.981	-1.265625
9.982	-1.319938
9.983	-1.069625
9.984	-0.831125
9.985	-0.6748125
9.986	0.24975
9.987	1.263688
9.988	1.52525
9.989	0.3785
9.99	-1.551125
9.991	-0.554875
9.992	0.9674375
9.993	0.3896875
9.994	-0.585875
9.995	-0.9551875
9.996	-1.106563
9.997	-1.334437
9.998	-0.6520625
9.999	-0.0113125
10	0.5704375
10.001	0.7928125
10.002	-0.288375
10.003	-0.5904375
10.004	-0.0363125
10.005	0.037
10.006	-0.4223125
10.007	-0.6320625
10.008	-0.5069375
10.009	-0.721625
10.01	-0.6795
10.011	-0.6885
10.012	-0.88725
10.013	-1.005188
10.014	-0.969875
10.015	-0.6901875
10.016	-0.7125
10.017	-1.058188
10.018	-0.989625
10.019	-0.278
10.02	0.6689375
10.021	1.14425
10.022	0.6185625
10.023	0.2306875
10.024	0.1615
10.025	-0.1571875
10.026	-0.37375
10.027	-0.7948125
10.028	-1.248938
10.029	-0.8151875
10.03	0.1083125
10.031	0.2409375
10.032	-0.292
10.033	-0.624
10.034	-0.5170625
10.035	0.0538125
10.036	0.011
10.037	-0.16375
10.038	0.3889375
10.039	0.6020625
10.04	-0.4495
10.041	-0.71
10.042	0.4530625
10.043	0.9518125
10.044	0.6014375
10.045	-0.4248125
10.046	-1.097813
10.047	-1.28725
10.048	-1.340563
10.049	-1.125375
10.05	-1.052188
10.051	-1.009188
10.052	-0.8728125
10.053	-0.0874375
10.054	0.566
10.055	0.15825
10.056	-0.0395625
10.057	0.5778125
10.058	1.225125
10.059	0.171
10.06	-0.787
10.061	-0.67025
10.062	-0.36875
10.063	-0.32925
10.064	-0.9545625
10.065	-1.153875
10.066	-0.79425
10.067	-0.5725
10.068	-0.565375
10.069	-0.60575
10.07	-0.558
10.071	-0.198125
10.072	0.78125
10.073	1.09575
10.074	0.0506875
10.075	-0.8450625
10.076	-0.608125
10.077	0.1724375
10.078	-0.0528125
10.079	-0.86075
10.08	-1.136937
10.081	-1.047438
10.082	-0.9578125
10.083	-0.89
10.084	-0.668
10.085	-0.547625
10.086	-0.474625
10.087	-0.455125
10.088	-0.3305625
10.089	0.1661875
10.09	0.1788125
10.091	0.2038125
10.092	0.2055625
10.093	-0.20425
10.094	-0.5186875
10.095	-0.197875
10.096	1.085687
10.097	1.305125
10.098	0.5764375
10.099	-0.0196875
10.1	0.409625
10.101	1.277688
10.102	0.34825
10.103	-0.333
10.104	-0.6675
10.105	-1.39175
10.106	-1.262063
10.107	-1.074313
10.108	-1.222188
10.109	-1.169625
10.11	-1.012438
10.111	-0.75675
10.112	-0.273375
10.113	-0.1581875
10.114	0.2640625
10.115	0.30475
10.116	-0.70475
10.117	-0.7825625
10.118	-0.3220625
10.119	-0.3215625
10.12	-0.340625
10.121	-0.2364375
10.122	-0.42
10.123	-0.6953125
10.124	-0.2996875
10.125	0.9525
10.126	1.769375
10.127	0.35425
10.128	-1.73025
10.129	-1.415
10.13	0.3371875
10.131	0.3908125
10.132	-0.5885
10.133	-0.8188125
10.134	-0.69525
10.135	-0.6773125
10.136	-0.6486875
10.137	-0.6594375
10.138	-0.401125
10.139	-0.00075
10.14	-0.1840625
10.141	-0.2945
10.142	-0.1091875
10.143	-0.10975
10.144	-0.2306875
10.145	-0.2668125
10.146	-0.1801875
10.147	-0.0384375
10.148	-0.2558125
10.149	-0.7826875
10.15	-0.3476875
10.151	0.582
10.152	0.550625
10.153	-0.5084375
10.154	-0.717
10.155	0.79975
10.156	1.460563
10.157	0.379125
10.158	-0.6381875
10.159	-0.9684375
10.16	-1.040938
10.161	-0.8201875
10.162	-0.2986875
10.163	0.0599375
10.164	0.0738125
10.165	0.183625
10.166	-0.4765625
10.167	-0.476
10.168	0.3595
10.169	0.1673125
10.17	-0.37375
10.171	-0.7409375
10.172	-0.432875
10.173	-0.17775
10.174	-0.534
10.175	-0.778375
10.176	-0.8055
10.177	-0.4695625
10.178	0.2431875
10.179	0.771625
10.18	0.29875
10.181	-0.7840625
10.182	-1.176625
10.183	-0.629
10.184	0.446625
10.185	0.8633125
10.186	-0.609875
10.187	-0.7890625
10.188	1.00525
10.189	1.046375
10.19	0.099
10.191	-0.4021875
10.192	-0.6755625
10.193	-1.025937
10.194	-1.012875
10.195	-0.619125
10.196	-0.70175
10.197	-0.729125
10.198	-0.6488125
10.199	-0.3833125
10.2	-0.260375
10.201	-0.4771875
10.202	-0.1245625
10.203	0.178
10.204	0.31125
10.205	0.269125
10.206	-0.4215625
10.207	-0.539625
10.208	-0.236
10.209	-0.1881875
10.21	-0.2844375
10.211	-0.4415625
10.212	-0.4271875
10.213	-0.4686875
10.214	-0.634875
10.215	-0.4175
10.216	-0.121625
10.217	-0.1440625
10.218	-0.0858125
10.219	-0.2881875
10.22	-0.5018125
10.221	-0.311375
10.222	-0.025
10.223	0.33025
10.224	0.2483125
10.225	-0.338125
10.226	-0.39125
10.227	-0.0051875
10.228	0.061375
10.229	-0.1986875
10.23	-0.3770625
10.231	-0.415125
10.232	-0.66325
10.233	-0.6574375
10.234	-0.713125
10.235	-0.4769375
10.236	1.192313
10.237	NaN
10.238	1.482375
10.239	0.9013125
10.24	0.9405625
10.241	1.453188
10.242	0.0208125
10.243	-1.58575
10.244	-1.471438
10.245	-1.267625
10.246	-1.068188
10.247	-1.169875
10.248	-1.256125
10.249	-0.95825
10.25	-0.798875
10.251	-0.8030625
10.252	-0.41725
10.253	0.477
10.254	1.299438
10.255	0.543125
10.256	-1.017875
10.257	-0.8603125
10.258	0.330625
10.259	1.034625
10.26	0.360625
10.261	-0.5935625
10.262	-0.3425
10.263	-0.4751875
10.264	-0.8360625
10.265	-0.7098125
10.266	-0.75525
10.267	-0.276875
10.268	0.5353125
10.269	0.350375
10.27	-0.6919375
10.271	-0.8315625
10.272	0.0828125
10.273	0.5389375
10.274	0.3803125
10.275	0.07975
10.276	-0.195875
10.277	-0.3735625
10.278	-0.3816875
10.279	-0.442875
10.28	-0.466375
10.281	-0.53175
10.282	-0.8846875
10.283	-0.881625
10.284	-0.4611875
10.285	-0.3969375
10.286	-0.4635625
10.287	-0.1359375
10.288	0.1610625
10.289	0.259125
10.29	0.257375
10.291	-0.2485625
10.292	-0.27525
10.293	-0.007125
10.294	0.3664375
10.295	0.6746875
10.296	-0.5525
10.297	-0.71725
10.298	-0.1408125
10.299	-0.0945625
10.3	0.522625
10.301	1.091625
10.302	1.099375
10.303	-0.0106875
10.304	-0.65425
10.305	-0.27
10.306	-0.045375
10.307	-0.77675
10.308	-1.31925
10.309	-0.5408125
10.31	-0.157125
10.311	-0.3150625
10.312	-0.3825625
10.313	-0.4023125
10.314	-0.4429375
10.315	-0.501625
10.316	-0.38425
10.317	-0.269875
10.318	-0.2638125
10.319	-0.350875
10.32	0.133375
10.321	0.283625
10.322	0.313625
10.323	1.077375
10.324	1.067563
10.325	0.625375
10.326	0.194625
10.327	-0.1946875
10.328	-0.2993125
10.329	-0.5136875
10.33	-0.7761875
10.331	-0.765125
10.332	-0.6729375
10.333	-0.5425625
10.334	-0.49075
10.335	-0.463375
10.336	-0.2641875
10.337	-0.2781875
10.338	0.112625
10.339	0.2300625
10.34	-0.50425
10.341	-0.8215
10.342	-0.21425
10.343	1.086313
10.344	1.309063
10.345	0.60025
10.346	0.012125
10.347	-0.1021875
10.348	0.230125
10.349	0.3163125
10.35	-0.24125
10.351	-0.178375
10.352	0.5468125
10.353	0.373875
10.354	0.121125
10.355	-0.38725
10.356	-0.268
10.357	0.2713125
10.358	-0.3605625
10.359	-0.435125
10.36	-0.057375
10.361	-0.12075
10.362	-0.46025
10.363	-0.7783125
10.364	-0.8523125
10.365	-1.044563
10.366	-1.010125
10.367	-0.5959375
10.368	-0.335125
10.369	-0.367125
10.37	-0.425125
10.371	-0.1750625
10.372	-0.16825
10.373	-0.606875
10.374	-0.5580625
10.375	-0.1845625
10.376	0.2189375
10.377	0.354125
10.378	0.362125
10.379	0.3738125
10.38	0.672125
10.381	1.25575
10.382	0.6831875
10.383	-0.4065625
10.384	-0.4020625
10.385	-0.261625
10.386	-0.508625
10.387	-0.5665
10.388	-0.4040625
10.389	-0.2578125
10.39	-0.6708125
10.391	-0.4605
10.392	0.4416875
10.393	0.57225
10.394	0.098875
10.395	-0.3631875
10.396	-0.4400625
10.397	-0.2211875
10.398	-0.0749375
10.399	-0.203375
10.4	-0.54275
10.401	-0.2550625
10.402	0.1048125
10.403	0.2525625
10.404	0.7999375
10.405	0.886875
10.406	1.036
10.407	0.6654375
10.408	0.347875
10.409	0.208875
10.41	-0.081875
10.411	-0.184625
10.412	-0.6065625
10.413	-0.51875
10.414	0.2615625
10.415	1.186438
10.416	0.367875
10.417	-0.973125
10.418	-0.8005
10.419	0.181
10.42	0.8519375
10.421	0.098
10.422	-0.9988125
10.423	-1.063875
10.424	-0.5570625
10.425	-0.5565625
10.426	-0.59175
10.427	-0.3246875
10.428	-0.210625
10.429	-0.323625
10.43	-0.2830625
10.431	-0.3849375
10.432	-0.2549375
10.433	0.2466875
10.434	0.2424375
10.435	0.211625
10.436	0.304375
10.437	0.0809375
10.438	-0.1280625
10.439	0.0473125
10.44	0.157875
10.441	0.06725
10.442	-0.0274375
10.443	-0.0821875
10.444	-0.3296875
10.445	-0.3319375
10.446	0.2788125
10.447	0.379625
10.448	-0.181625
10.449	-0.019875
10.45	0.2713125
10.451	-0.0421875
10.452	0.019875
10.453	0.3299375
10.454	0.323375
10.455	-0.3558125
10.456	-0.564
10.457	0.0426875
10.458	0.6481875
10.459	0.3469375
10.46	-0.075
10.461	0.0441875
10.462	-0.51825
10.463	-0.78775
10.464	-0.8493125
10.465	-0.669375
10.466	-0.2823125
10.467	-0.2859375
10.468	-0.39825
10.469	-0.2578125
10.47	-0.0361875
10.471	0.29725
10.472	1.047813
10.473	0.645125
10.474	-0.282625
10.475	-0.1930625
10.476	0.612
10.477	1.331688
10.478	-0.0803125
10.479	-1.499563
10.48	-0.862375
10.481	-0.3196875
10.482	-0.0176875
10.483	0.0295
10.484	-0.2301875
10.485	0.040875
10.486	0.4923125
10.487	0.6615
10.488	0.45275
10.489	0.48725
10.49	0.6064375
10.491	0.2413125
10.492	-0.04575
10.493	0.1555
10.494	0.5473125
10.495	0.2011875
10.496	-0.7580625
10.497	-1.308563
10.498	-1.105063
10.499	-0.9729375
10.5	-1.004625
10.501	0.2610625
10.502	2.02925
10.503	0.87025
10.504	-1.274563
10.505	-0.67625
10.506	0.8991875
10.507	0.778875
10.508	-0.286
10.509	-0.6494375
10.51	-0.705
10.511	-0.708125
10.512	-0.565
10.513	-0.3668125
10.514	-0.15925
10.515	0.0713125
10.516	0.3296875
10.517	0.221125
10.518	0.25725
10.519	0.50975
10.52	0.764875
10.521	0.761375
10.522	-0.1350625
10.523	-0.1266875
10.524	0.71475
10.525	0.186
10.526	-0.366
10.527	-0.3676875
10.528	-0.54625
10.529	-0.566625
10.53	-0.451625
10.531	0.0576875
10.532	-0.1744375
10.533	-0.257625
10.534	-0.0925
10.535	-0.258875
10.536	0.2816875
10.537	0.2103125
10.538	0.0345
10.539	0.1180625
10.54	-0.029375
10.541	-0.0609375
10.542	-0.079
10.543	-0.137
10.544	-0.48475
10.545	-0.4169375
10.546	0.051625
10.547	0.251875
10.548	0.6144375
10.549	1.2305
10.55	1.435063
10.551	1.261125
10.552	1.106125
10.553	-0.0395625
10.554	-1.382813
10.555	-1.004438
10.556	-0.0671875
10.557	-0.791625
10.558	-1.537
10.559	-0.1286875
10.56	1.369938
10.561	1.378688
10.562	1.121875
10.563	0.4990625
10.564	0.0289375
10.565	0.61875
10.566	0.614375
10.567	-0.3960625
10.568	-1.020688
10.569	-1.235688
10.57	-1.206063
10.571	-0.70475
10.572	-0.8109375
10.573	-0.8646875
10.574	-0.594875
10.575	-0.6705625
10.576	-0.578375
10.577	-0.27025
10.578	0.720875
10.579	0.83775
10.58	-0.1205
10.581	0.3915625
10.582	1.620563
10.583	NaN
10.584	1.496938
10.585	-0.0455625
10.586	-1.082188
10.587	-1.201688
10.588	-1.099375
10.589	-0.87325
10.59	-0.5228125
10.591	-0.532
10.592	-0.6391875
10.593	-0.2765625
10.594	0.15675
10.595	0.9588125
10.596	0.5223125
10.597	-0.6661875
10.598	0.1335625
10.599	1.075
10.6	0.885875
10.601	-0.050375
10.602	-0.44675
10.603	-0.0909375
10.604	-0.0445625
10.605	-0.173625
10.606	-0.4204375
10.607	-0.6315
10.608	-0.4993125
10.609	-0.127875
10.61	0.0689375
10.611	0.01325
10.612	0.3541875
10.613	0.61975
10.614	0.4723125
10.615	0.5114375
10.616	0.2989375
10.617	-0.452625
10.618	-0.677875
10.619	-0.2265625
10.62	-0.1833125
10.621	-0.2838125
10.622	-0.2918125
10.623	-0.118875
10.624	0.23375
10.625	0.8825
10.626	1.16375
10.627	-0.1138125
10.628	-1.021125
10.629	-0.1748125
10.63	1.790375
10.631	1.292313
10.632	-0.8015
10.633	-0.1673125
10.634	0.38475
10.635	0.0424375
10.636	-0.2874375
10.637	-0.793125
10.638	-0.8118125
10.639	-0.7233125
10.64	-0.515375
10.641	-0.129375
10.642	0.2848125
10.643	0.5775625
10.644	0.801625
10.645	1.676813
10.646	1.43675
10.647	0.154125
10.648	-0.6050625
10.649	-0.6184375
10.65	0.23575
10.651	0.31575
10.652	-0.26475
10.653	-0.600125
10.654	-0.7685
10.655	-0.7065
10.656	-0.5984375
10.657	-0.6755
10.658	-0.634125
10.659	-0.3036875
10.66	0.0723125
10.661	0.1385625
10.662	0.6013125
10.663	1.49475
10.664	1.43725
10.665	1.2635
10.666	1.513375
10.667	1.044938
10.668	0.340875
10.669	-0.2589375
10.67	-0.63875
10.671	-0.5388125
10.672	-0.6201875
10.673	-0.66125
10.674	-0.2550625
10.675	-0.0100625
10.676	-0.5108125
10.677	-0.3909375
10.678	0.5189375
10.679	0.2053125
10.68	-0.95175
10.681	-1.171375
10.682	-0.534125
10.683	0.0308125
10.684	0.288
10.685	0.2165625
10.686	0.085875
10.687	0.0686875
10.688	0.18125
10.689	0.1250625
10.69	-0.009375
10.691	0.488625
10.692	0.6415
10.693	0.41175
10.694	-0.0689375
10.695	-0.2276875
10.696	0.62675
10.697	0.97725
10.698	0.1226875
10.699	-0.550875
10.7	-0.5149375
10.701	-0.5213125
10.702	-0.5059375
10.703	-0.414
10.704	-0.440375
10.705	-0.4194375
10.706	-0.2561875
10.707	-0.089875
10.708	0.433625
10.709	1.533438
10.71	1.0035
10.711	-0.2531875
10.712	0.01025
10.713	0.2723125
10.714	0.377625
10.715	0.0278125
10.716	-0.6729375
10.717	-0.9265625
10.718	-0.6035
10.719	0.172875
10.72	1.181812
10.721	1.475688
10.722	0.406375
10.723	-0.8145625
10.724	-0.54525
10.725	0.7955
10.726	1.060688
10.727	0.2161875
10.728	-0.729875
10.729	-0.8231875
10.73	-0.3426875
10.731	-0.243375
10.732	-0.288625
10.733	-0.2571875
10.734	-0.244625
10.735	-0.4765625
10.736	-0.64975
10.737	-0.315125
10.738	0.26575
10.739	0.8573125
10.74	0.87375
10.741	0.0390625
10.742	0.3125625
10.743	1.520813
10.744	1.546188
10.745	0.417125
10.746	-0.2385
10.747	-0.1876875
10.748	-0.405625
10.749	-0.601125
10.75	-0.420375
10.751	-0.4516875
10.752	-0.642875
10.753	-0.517375
10.754	-0.172375
10.755	0.183625
10.756	0.9851875
10.757	2.046313
10.758	1.895063
10.759	0.34575
10.76	-0.5269375
10.761	-0.286625
10.762	0.1930625
10.763	0.264875
10.764	-0.325
10.765	-0.6619375
10.766	-0.7986875
10.767	-0.8920625
10.768	-0.777625
10.769	-0.843625
10.77	-0.927875
10.771	-0.621
10.772	0.065875
10.773	0.1558125
10.774	0.2100625
10.775	1.276875
10.776	1.186938
10.777	0.2859375
10.778	-6.25e-005
10.779	-0.1496875
10.78	0.1440625
10.781	0.0264375
10.782	-0.5041875
10.783	-0.18575
10.784	0.1076875
10.785	0.0920625
10.786	0.17
10.787	0.331375
10.788	0.339
10.789	0.2526875
10.79	0.30625
10.791	0.449625
10.792	1.042438
10.793	1.379375
10.794	0.8694375
10.795	-0.0384375
10.796	-0.8925
10.797	-0.8554375
10.798	-0.436625
10.799	-0.6208125
10.8	-0.6136875
10.801	-0.125625
10.802	0.1184375
10.803	0.0869375
10.804	0.0779375
10.805	0.0383125
10.806	0.2621875
10.807	0.8481875
10.808	0.8485
10.809	0.0708125
10.81	-0.1148125
10.811	-0.08725
10.812	-0.165
10.813	-0.0685625
10.814	-0.5239375
10.815	-0.7335625
10.816	-0.42175
10.817	1.017688
10.818	1.57425
10.819	0.69475
10.82	0.812125
10.821	1.269063
10.822	1.587375
10.823	1.114188
10.824	0.518125
10.825	-0.053
10.826	-0.7181875
10.827	-1.051563
10.828	-1.018688
10.829	-0.78225
10.83	-0.5271875
10.831	-0.2655625
10.832	-0.1773125
10.833	-0.078375
10.834	0.0240625
10.835	0.1509375
10.836	-0.2665
10.837	-1.098688
10.838	-0.9556875
10.839	-0.411
10.84	0.211625
10.841	0.544625
10.842	-0.2603125
10.843	-0.4759375
10.844	0.80375
10.845	1.988687
10.846	1.418813
10.847	0.129625
10.848	-0.53575
10.849	-0.17975
10.85	0.2185625
10.851	-0.0425625
10.852	0.1426875
10.853	0.6686875
10.854	0.810875
10.855	0.2915
10.856	0.0146875
10.857	0.3666875
10.858	0.548875
10.859	0.2185
10.86	-0.814125
10.861	-0.8988125
10.862	-0.0445625
10.863	0.17825
10.864	0.0015625
10.865	-0.3376875
10.866	-0.603625
10.867	-0.428875
10.868	-0.3331875
10.869	-0.1503125
10.87	0.21925
10.871	-0.5348125
10.872	-0.3064375
10.873	1.281438
10.874	0.9976875
10.875	-0.0645
10.876	-0.20575
10.877	0.38875
10.878	0.649
10.879	0.110625
10.88	-0.075125
10.881	0.0440625
10.882	0.0525625
10.883	-0.0756875
10.884	-0.2801875
10.885	-0.1625625
10.886	0.2523125
10.887	0.14275
10.888	-0.1265625
10.889	0.1073125
10.89	0.8189375
10.891	1.893938
10.892	1.10175
10.893	-0.522875
10.894	-0.482
10.895	-0.2363125
10.896	0.1395625
10.897	0.4995
10.898	0.1031875
10.899	-0.426875
10.9	-0.6905
10.901	-0.575875
10.902	-0.422375
10.903	-0.359125
10.904	-0.3504375
10.905	-0.2340625
10.906	0.1549375
10.907	0.939375
10.908	0.5325625
10.909	0.3125
10.91	1.685812
10.911	1.773188
10.912	1.343125
10.913	0.8240625
10.914	-0.080625
10.915	-0.3065
10.916	-0.7094375
10.917	-1.021187
10.918	-0.7345625
10.919	-0.525125
10.92	-0.4106875
10.921	-0.2995
10.922	-0.2824375
10.923	-0.1975
10.924	-0.0820625
10.925	-0.09025
10.926	-0.069625
10.927	0.09525
10.928	0.0781875
10.929	0.300875
10.93	0.83125
10.931	0.802
10.932	1.155375
10.933	0.9445625
10.934	-0.129125
10.935	-0.18325
10.936	0.00475
10.937	0.116625
10.938	0.0786875
10.939	0.0180625
10.94	-0.147875
10.941	-0.248125
10.942	0.1033125
10.943	0.0275
10.944	-0.345625
10.945	-0.058
10.946	0.55375
10.947	1.303375
10.948	0.7953125
10.949	-0.540375
10.95	0.2241875
10.951	0.809375
10.952	-0.0855625
10.953	-0.35825
10.954	-0.2984375
10.955	-0.441375
10.956	-0.453625
10.957	-0.338125
10.958	-0.245625
10.959	-0.3085625
10.96	0.300625
10.961	1.438063
10.962	1.958938
10.963	0.867375
10.964	-0.191625
10.965	1.143
10.966	NaN
10.967	0.8596875
10.968	-0.83175
10.969	-1.007
10.97	-0.4988125
10.971	-0.641375
10.972	-0.7359375
10.973	-0.767
10.974	-0.631625
10.975	-0.578625
10.976	-0.6599375
10.977	-0.49625
10.978	-0.0568125
10.979	0.1300625
10.98	0.022625
10.981	0.205625
10.982	0.5345625
10.983	0.667625
10.984	0.11825
10.985	-0.3629375
10.986	0.372
10.987	1.000375
10.988	0.9123125
10.989	0.1979375
10.99	-0.3085
10.991	0.9756875
10.992	1.340875
10.993	0.308625
10.994	-0.3208125
10.995	-0.4230625
10.996	0.2823125
10.997	0.7266875
10.998	-0.08225
10.999	-0.763375
11	0.118125
11.001	0.57275
11.002	-0.4875
11.003	-1.331438
11.004	-0.1258125
11.005	1.853563
11.006	1.971563
11.007	0.103875
11.008	-0.8806875
11.009	0.0425625
11.01	0.6160625
11.011	0.2036875
11.012	-0.5350625
11.013	-0.81175
11.014	-0.630875
11.015	-0.5191875
11.016	-0.2494375
11.017	0.3454375
11.018	1.002438
11.019	0.9038125
11.02	0.0521875
11.021	0.4969375
11.022	1.178375
11.023	0.438625
11.024	-0.62575
11.025	-0.5375
11.026	-0.1225625
11.027	-0.28225
11.028	-0.2233125
11.029	-0.3604375
11.03	-0.5134375
11.031	-0.1703125
11.032	0.4919375
11.033	0.4783125
11.034	-0.059
11.035	0.016875
11.036	0.1705
11.037	-0.074375
11.038	-0.109
11.039	0.3338125
11.04	0.3680625
11.041	-0.14675
11.042	-0.3964375
11.043	-0.0988125
11.044	0.151875
11.045	-0.04275
11.046	-0.0741875
11.047	0.2466875
11.048	0.54775
11.049	0.6249375
11.05	0.2865625
11.051	0.0648125
11.052	0.8911875
11.053	1.274125
11.054	0.512125
11.055	0.1949375
11.056	0.433625
11.057	0.49575
11.058	-0.0185625
11.059	-0.500125
11.06	-0.4916875
11.061	-0.4323125
11.062	-0.43875
11.063	-0.26625
11.064	0.4488125
11.065	1.061063
11.066	0.81075
11.067	0.240875
11.068	-0.0443125
11.069	0.195375
11.07	0.28775
11.071	-0.18125
11.072	-0.5046875
11.073	-0.4355625
11.074	-0.1846875
11.075	-0.011375
11.076	0.0765625
11.077	0.2109375
11.078	0.0596875
11.079	-0.0253125
11.08	0.14475
11.081	0.3115
11.082	0.2723125
11.083	-0.2711875
11.084	0.0428125
11.085	1.015688
11.086	1.72175
11.087	NaN
11.088	1.474188
11.089	0.2434375
11.09	-0.122875
11.091	0.0249375
11.092	0.07475
11.093	0.064125
11.094	-0.3546875
11.095	-0.125625
11.096	0.33775
11.097	-0.0793125
11.098	-0.876875
11.099	-0.766625
11.1	-0.1973125
11.101	-0.232625
11.102	-0.7115
11.103	-0.7010625
11.104	0.0365
11.105	0.6680625
11.106	0.3780625
11.107	0.022875
11.108	0.104375
11.109	0.2319375
11.11	0.5641875
11.111	0.4473125
11.112	0.10275
11.113	-0.147625
11.114	-0.236125
11.115	-0.155375
11.116	-0.2599375
11.117	-0.3284375
11.118	-0.0929375
11.119	0.0873125
11.12	0.1469375
11.121	0.212875
11.122	0.071
11.123	0.0256875
11.124	0.39025
11.125	0.4381875
11.126	0.240125
11.127	0.141
11.128	0.0745
11.129	0.0499375
11.13	-0.0551875
11.131	0.0374375
11.132	0.3449375
11.133	0.4555
11.134	0.312125
11.135	0.23825
11.136	0.5123125
11.137	0.903
11.138	0.98275
11.139	0.5830625
11.14	0.086625
11.141	0.10575
11.142	0.62
11.143	1.064812
11.144	0.604125
11.145	0.2704375
11.146	0.396875
11.147	0.205
11.148	-0.0610625
11.149	-0.550875
11.15	-0.5825625
11.151	-0.2578125
11.152	-0.1080625
11.153	-0.20075
11.154	-0.5660625
11.155	-0.639625
11.156	-0.0765
11.157	0.8403125
11.158	1.012938
11.159	0.4663125
11.16	0.650125
11.161	0.9638125
11.162	0.5295625
11.163	0.0559375
11.164	0.02475
11.165	-0.185
11.166	-0.692125
11.167	-0.610625
11.168	-0.3355
11.169	-0.31025
11.17	-0.22225
11.171	-0.0564375
11.172	0.1669375
11.173	0.019125
11.174	-0.16375
11.175	0.1244375
11.176	0.33
11.177	0.3136875
11.178	0.2034375
11.179	0.1549375
11.18	0.357875
11.181	0.9235625
11.182	1.180875
11.183	0.7765625
11.184	0.798375
11.185	0.8765
11.186	0.3004375
11.187	0.2649375
11.188	0.7148125
11.189	0.294875
11.19	-0.7006875
11.191	-0.7345625
11.192	-0.3179375
11.193	-0.3683125
11.194	-0.308625
11.195	-0.27225
11.196	-0.2668125
11.197	-0.1149375
11.198	0.081625
11.199	0.1504375
11.2	-0.1519375
11.201	-0.2563125
11.202	-0.152375
11.203	0.3156875
11.204	0.790125
11.205	0.605875
11.206	0.7291875
11.207	0.4088125
11.208	0.1054375
11.209	0.2929375
11.21	0.4595
11.211	0.4535625
11.212	0.0400625
11.213	-0.2809375
11.214	-0.2103125
11.215	0.1701875
11.216	0.380875
11.217	0.6861875
11.218	0.647875
11.219	0.488625
11.22	0.142125
11.221	-0.2558125
11.222	0.205
11.223	0.4564375
11.224	0.596125
11.225	0.30175
11.226	-0.3134375
11.227	-0.3668125
11.228	-0.3483125
11.229	-0.41625
11.23	-0.384625
11.231	-0.0154375
11.232	0.3075625
11.233	-0.087125
11.234	-0.2925625
11.235	0.557875
11.236	1.164187
11.237	0.6038125
11.238	-0.1626875
11.239	-0.068375
11.24	0.5785
11.241	0.969625
11.242	0.9583125
11.243	0.1155625
11.244	-0.310125
11.245	0.273125
11.246	0.67275
11.247	0.324
11.248	-0.3021875
11.249	-0.4851875
11.25	-0.4795625
11.251	-0.299875
11.252	-0.140625
11.253	0.2428125
11.254	0.4821875
11.255	0.0583125
11.256	-0.235875
11.257	0.0974375
11.258	0.3828125
11.259	0.1365625
11.26	0.0625625
11.261	0.0784375
11.262	0.047375
11.263	0.10575
11.264	0.876375
11.265	1.869188
11.266	2.030375
11.267	NaN
11.268	0.644625
11.269	-0.4361875
11.27	0.9271875
11.271	1.390313
11.272	-0.033375
11.273	-0.9189375
11.274	-0.80775
11.275	-0.89675
11.276	-0.8826875
11.277	-0.765875
11.278	-0.8010625
11.279	-0.6044375
11.28	-0.478
11.281	-0.45175
11.282	-0.316875
11.283	-0.1626875
11.284	0.1395625
11.285	-0.1274375
11.286	-0.1770625
11.287	0.417125
11.288	0.9440625
11.289	0.9848125
11.29	0.2650625
11.291	1.344
11.292	1.786125
11.293	0.288375
11.294	0.72475
11.295	1.195
11.296	0.474375
11.297	0.239375
11.298	0.574875
11.299	1.287875
11.3	0.507875
11.301	-1.0525
11.302	-0.8080625
11.303	-0.7641875
11.304	-1.081375
11.305	-0.7679375
11.306	-0.6194375
11.307	-0.547125
11.308	-0.3178125
11.309	-0.123125
11.31	-0.136375
11.311	0.047125
11.312	0.1853125
11.313	0.17525
11.314	0.0496875
11.315	-0.02925
11.316	0.126
11.317	0.3814375
11.318	0.57875
11.319	0.4571875
11.32	0.153
11.321	-0.2356875
11.322	0.088125
11.323	0.7703125
11.324	1.2045
11.325	1.510125
11.326	0.899125
11.327	0.113875
11.328	0.231875
11.329	0.45025
11.33	0.4558125
11.331	0.2719375
11.332	0.0359375
11.333	0.0435
11.334	0.284125
11.335	0.301875
11.336	0.1641875
11.337	0.3758125
11.338	0.6035625
11.339	0.310625
11.34	-0.2761875
11.341	-0.3276875
11.342	0.037
11.343	0.1610625
11.344	-0.1816875
11.345	-0.54525
11.346	-0.3765625
11.347	-0.1035
11.348	0.020125
11.349	-0.00825
11.35	-0.458375
11.351	-0.085375
11.352	1.418938
11.353	2.036313
11.354	0.8416875
11.355	-0.0334375
11.356	0.559625
11.357	1.677875
11.358	1.992438
11.359	0.9668125
11.36	-0.020875
11.361	-0.6455
11.362	-1.186375
11.363	-1.197125
11.364	-1.030188
11.365	-0.9521875
11.366	-0.7624375
11.367	-0.4783125
11.368	-0.2561875
11.369	-0.164
11.37	-0.0154375
11.371	0.0045
11.372	-0.0844375
11.373	-0.257375
11.374	-0.395625
11.375	-0.440875
11.376	0.016125
11.377	1.365188
11.378	NaN
11.379	NaN
11.38	0.3325625
11.381	-1.097938
11.382	0.05325
11.383	0.591375
11.384	0.318875
11.385	-0.1601875
11.386	-0.79725
11.387	-0.937875
11.388	-0.72675
11.389	-0.92425
11.39	-1.101
11.391	-0.733875
11.392	-0.0221875
11.393	0.239125
11.394	-0.2765625
11.395	-0.72375
11.396	-0.465125
11.397	-0.208375
11.398	-0.0104375
11.399	0.67025
11.4	1.511937
11.401	1.107125
11.402	-0.083625
11.403	-0.37775
11.404	-0.0385625
11.405	-0.0515
11.406	-0.3998125
11.407	-0.423875
11.408	-0.647375
11.409	-0.5734375
11.41	0.146625
11.411	0.365125
11.412	0.4064375
11.413	0.2110625
11.414	-1.163812
11.415	-1.322437
11.416	-0.04625
11.417	0.180875
11.418	-0.1011875
11.419	-0.351375
11.42	-0.6521875
11.421	-0.576
11.422	-0.05625
11.423	0.583625
11.424	-0.0975
11.425	-1.16225
11.426	-0.38175
11.427	1.55775
11.428	1.890937
11.429	-0.14075
11.43	-0.692125
11.431	-0.0364375
11.432	-0.3876875
11.433	-0.4853125
11.434	-0.100625
11.435	0.2255
11.436	0.0138125
11.437	-0.7134375
11.438	-0.8298125
11.439	-0.2953125
11.44	-0.2300625
11.441	-0.2764375
11.442	-0.354
11.443	-0.5000625
11.444	-0.4024375
11.445	-0.454875
11.446	-0.384875
11.447	-0.22925
11.448	-0.189375
11.449	-0.273875
11.45	0.0365625
11.451	0.748375
11.452	1.151125
11.453	1.40375
11.454	0.509875
11.455	-0.32475
11.456	0.05675
11.457	0.2314375
11.458	-0.3089375
11.459	-0.597
11.46	-0.496375
11.461	-0.9255625
11.462	-1.213625
11.463	-0.7170625
11.464	-0.086125
11.465	-0.09025
11.466	0.8310625
11.467	2.001313
11.468	1.479188
11.469	-0.0921875
11.47	-1.275813
11.471	-0.215375
11.472	0.9179375
11.473	0.0890625
11.474	-0.76975
11.475	-0.896625
11.476	-0.8078125
11.477	-0.6885625
11.478	-0.5989375
11.479	-0.435
11.48	-0.3168125
11.481	-0.25175
11.482	-0.051375
11.483	-0.0386875
11.484	-0.20425
11.485	-0.079625
11.486	0.254375
11.487	0.3014375
11.488	0.364125
11.489	0.3805
11.49	0.542875
11.491	0.6614375
11.492	-0.0828125
11.493	-0.0325
11.494	1.241063
11.495	1.259625
11.496	0.36525
11.497	0.3393125
11.498	-0.1604375
11.499	-1.399563
11.5	-1.31025
11.501	0.5334375
11.502	1.192438
11.503	-0.1713125
11.504	-1.285688
11.505	-1.212625
11.506	-0.8264375
11.507	-0.606
11.508	-0.4200625
11.509	-0.3874375
11.51	-0.304375
11.511	-0.2955625
11.512	-0.302
11.513	-0.168125
11.514	-0.011
11.515	0.0356875
11.516	-0.12725
11.517	-0.0359375
11.518	0.277125
11.519	0.3549375
11.52	0.2955625
11.521	-0.182875
11.522	-0.4688125
11.523	-0.0305625
11.524	0.659
11.525	0.912125
11.526	0.683
11.527	0.296375
11.528	0.556625
11.529	1.203125
11.53	0.3694375
11.531	-0.522625
11.532	-0.2531875
11.533	0.4555625
11.534	0.3806875
11.535	-0.6124375
11.536	-0.9741875
11.537	-0.8085625
11.538	-0.7920625
11.539	-0.734875
11.54	-0.57175
11.541	-0.6014375
11.542	-0.396625
11.543	0.3105
11.544	1.17675
11.545	0.528375
11.546	-0.8919375
11.547	-0.1996875
11.548	0.4760625
11.549	0.0746875
11.55	0.145375
11.551	0.1611875
11.552	0.056125
11.553	0.2279375
11.554	0.301875
11.555	-0.1051875
11.556	-0.5475
11.557	-0.4328125
11.558	-0.16075
11.559	0.32225
11.56	1.197313
11.561	0.987625
11.562	-0.293125
11.563	-0.456
11.564	-0.1688125
11.565	-0.585875
11.566	-0.5971875
11.567	0.085625
11.568	0.42675
11.569	-0.007375
11.57	-0.048375
11.571	0.3091875
11.572	0.502
11.573	0.4169375
11.574	0.0235625
11.575	-0.269
11.576	-0.266
11.577	-0.211125
11.578	-0.3470625
11.579	-0.393625
11.58	-0.300125
11.581	0.0775
11.582	0.2065625
11.583	0.2049375
11.584	0.6163125
11.585	0.8085625
11.586	0.7538125
11.587	0.6229375
11.588	1.085438
11.589	0.978
11.59	-0.2011875
11.591	-0.7165625
11.592	-0.7138125
11.593	-0.6833125
11.594	-0.8344375
11.595	-0.906125
11.596	-0.730625
11.597	-0.554375
11.598	-0.4261875
11.599	-0.0284375
11.6	0.0858125
11.601	-0.3933125
11.602	-0.5693125
11.603	-0.3100625
11.604	0.093875
11.605	0.7626875
11.606	0.999875
11.607	0.5545625
11.608	0.0803125
11.609	-0.100875
11.61	-0.034375
11.611	0.3119375
11.612	0.89275
11.613	1.02925
11.614	0.227625
11.615	-1.119188
11.616	-0.9169375
11.617	0.3048125
11.618	0.5344375
11.619	0.1749375
11.62	-0.267125
11.621	-0.614875
11.622	-0.6734375
11.623	-0.538875
11.624	-0.3206875
11.625	-0.0246875
11.626	0.168875
11.627	0.2855
11.628	0.3448125
11.629	-0.0063125
11.63	-0.4923125
11.631	-0.2874375
11.632	0.1748125
11.633	0.320375
11.634	0.339375
11.635	0.4233125
11.636	0.4983125
11.637	0.5389375
11.638	0.6429375
11.639	0.671875
11.64	0.476
11.641	0.03725
11.642	0.373625
11.643	0.6408125
11.644	-0.114
11.645	-0.4065625
11.646	-0.591125
11.647	-0.8766875
11.648	-0.7699375
11.649	-0.35075
11.65	0.4630625
11.651	0.5434375
11.652	-0.213
11.653	-0.121625
11.654	0.7158125
11.655	0.931125
11.656	0.5691875
11.657	0.1556875
11.658	0.0355625
11.659	-0.111375
11.66	-0.3596875
11.661	-0.349
11.662	-0.3503125
11.663	-0.4223125
11.664	-0.48
11.665	-0.2004375
11.666	0.502375
11.667	1.02575
11.668	0.443875
11.669	-0.4938125
11.67	-0.5071875
11.671	-0.29025
11.672	0.2419375
11.673	0.63875
11.674	0.3234375
11.675	0.022625
11.676	0.056
11.677	0.2381875
11.678	-0.0298125
11.679	-0.6285
11.68	-0.567375
11.681	-0.079375
11.682	0.3819375
11.683	0.669125
11.684	0.0645625
11.685	-0.338875
11.686	0.15475
11.687	0.4095
11.688	0.05625
11.689	-0.2554375
11.69	-0.34425
11.691	-0.3483125
11.692	-0.20125
11.693	-0.083625
11.694	-0.0931875
11.695	-0.117125
11.696	-0.0715625
11.697	0.0080625
11.698	0.0504375
11.699	0.1449375
11.7	0.196875
11.701	0.1224375
11.702	0.1296875
11.703	0.0670625
11.704	-0.2405
11.705	-0.2115625
11.706	0.22375
11.707	0.4165625
11.708	0.1168125
11.709	-0.1698125
11.71	0.0895
11.711	0.4785625
11.712	0.8568125
11.713	1.209437
11.714	0.7215625
11.715	0.259125
11.716	0.4625
11.717	1.036875
11.718	0.3989375
11.719	-0.6085
11.72	0.375875
11.721	1.159938
11.722	0.812875
11.723	-0.529375
11.724	-1.438438
11.725	-0.4063125
11.726	0.1189375
11.727	-0.37075
11.728	-0.5209375
11.729	-0.5863125
11.73	-0.572875
11.731	-0.467625
11.732	-0.40275
11.733	-0.2974375
11.734	-0.103125
11.735	0.0631875
11.736	0.1115625
11.737	0.139875
11.738	0.3471875
11.739	0.31925
11.74	-0.049625
11.741	-0.3668125
11.742	-0.152625
11.743	0.0951875
11.744	-0.1656875
11.745	0.035
11.746	0.563625
11.747	0.6514375
11.748	0.4074375
11.749	0.4759375
11.75	0.913875
11.751	1.155063
11.752	0.61375
11.753	-0.44125
11.754	-0.5525625
11.755	-0.078625
11.756	0.0900625
11.757	0.1151875
11.758	-0.1374375
11.759	-0.2825
11.76	-0.4273125
11.761	-0.5888125
11.762	-0.1785625
11.763	0.6746875
11.764	0.7895625
11.765	-0.610125
11.766	-1.112438
11.767	0.044125
11.768	0.8865
11.769	0.6875625
11.77	0.4571875
11.771	0.7704375
11.772	0.2005
11.773	-0.2425625
11.774	-0.141375
11.775	-0.449375
11.776	-0.5223125
11.777	-0.2015625
11.778	0.512125
11.779	1.140625
11.78	1.185437
11.781	0.89275
11.782	1.121063
11.783	0.8629375
11.784	-0.181
11.785	-0.3149375
11.786	-0.3790625
11.787	-0.748375
11.788	-0.7524375
11.789	-0.7045
11.79	-0.6683125
11.791	-0.5803125
11.792	-0.5381875
11.793	-0.547625
11.794	-0.5349375
11.795	-0.2755625
11.796	-0.074375
11.797	0.0093125
11.798	0.5354375
11.799	1.076563
11.8	0.757
11.801	0.17825
11.802	0.24225
11.803	-0.0265
11.804	-0.4178125
11.805	-0.0093125
11.806	0.3565625
11.807	0.2520625
11.808	-0.1548125
11.809	-0.1170625
11.81	0.3275
11.811	0.092375
11.812	-0.1230625
11.813	-0.0864375
11.814	-0.017
11.815	0.230875
11.816	0.1825625
11.817	-0.1005625
11.818	-0.3791875
11.819	-0.0014375
