Interval=	0.001 s
ExcelDateTime=	4.5714706473035963e+004	2/26/2025 16:57:19.270307
TimeFormat=	StartOfBlock
DateFormat=	
ChannelTitle=	Channel 4
Range=	2.000 mV
3.22	0.2975
3.221	0.325125
3.222	0.119
3.223	0.2523125
3.224	0.2428125
3.225	0.016625
3.226	-0.079
3.227	-0.045375
3.228	-0.187125
3.229	-0.47825
3.23	-0.58125
3.231	-0.413875
3.232	-0.32825
3.233	-0.5671875
3.234	-0.59375
3.235	-0.438375
3.236	-0.20325
3.237	0.249875
3.238	0.5269375
3.239	0.442625
3.24	0.6079375
3.241	0.625125
3.242	0.463
3.243	0.851875
3.244	1.01125
3.245	0.463
3.246	0.14775
3.247	0.1645625
3.248	-0.0705625
3.249	-0.2258125
3.25	-0.2911875
3.251	-0.3013125
3.252	-0.25825
3.253	-0.231875
3.254	-0.2005
3.255	-0.177625
3.256	-0.1494375
3.257	-0.1369375
3.258	-0.1258125
3.259	-0.1799375
3.26	-0.33025
3.261	-0.2974375
3.262	-0.3313125
3.263	-0.1401875
3.264	0.0443125
3.265	-0.578125
3.266	-0.3750625
3.267	0.6238125
3.268	0.675375
3.269	0.859625
3.27	1.154125
3.271	0.57675
3.272	0.311
3.273	0.1270625
3.274	-0.166
3.275	-0.1349375
3.276	-0.0069375
3.277	-0.222625
3.278	-0.4693125
3.279	-0.3914375
3.28	-0.8135625
3.281	-0.821875
3.282	-0.51075
3.283	-0.4785625
3.284	-0.0589375
3.285	0.0973125
3.286	0.0886875
3.287	0.0415
3.288	-0.38425
3.289	0.0760625
3.29	0.75175
3.291	0.674875
3.292	1.292375
3.293	NaN
3.294	1.576938
3.295	0.7833125
3.296	0.5174375
3.297	0.757125
3.298	0.7243125
3.299	0.18325
3.3	-0.104125
3.301	-0.384625
3.302	-0.3735625
3.303	-0.2988125
3.304	-0.45925
3.305	-0.4924375
3.306	-0.3828125
3.307	-0.3001875
3.308	-0.230875
3.309	-0.215875
3.31	-0.258875
3.311	-0.0305625
3.312	-0.146625
3.313	-0.4268125
3.314	-0.06625
3.315	-0.0056875
3.316	0.1613125
3.317	0.7884375
3.318	0.4810625
3.319	0.14825
3.32	0.3658125
3.321	0.3081875
3.322	0.1676875
3.323	0.0673125
3.324	0.057125
3.325	0.204375
3.326	0.231875
3.327	0.2804375
3.328	-0.0028125
3.329	-0.447375
3.33	-0.2206875
3.331	-0.02425
3.332	-0.443875
3.333	-1.01875
3.334	-0.49325
3.335	0.1886875
3.336	0.5155
3.337	0.9059375
3.338	0.363375
3.339	-0.0101875
3.34	0.2398125
3.341	0.560375
3.342	1.028063
3.343	1.2595
3.344	0.8466875
3.345	0.12625
3.346	-0.043125
3.347	-0.1474375
3.348	-0.1605
3.349	-0.068625
3.35	-0.1160625
3.351	-0.0745625
3.352	-0.07125
3.353	-0.0548125
3.354	-0.0270625
3.355	0.008375
3.356	-0.0613125
3.357	-0.23725
3.358	-0.353375
3.359	-0.4976875
3.36	-0.3391875
3.361	-0.09775
3.362	0.2164375
3.363	0.7114375
3.364	0.664125
3.365	0.7985625
3.366	1.24575
3.367	1.082062
3.368	0.3770625
3.369	0.0121875
3.37	0.1195625
3.371	0.3453125
3.372	0.449875
3.373	0.210875
3.374	-0.3151875
3.375	-0.4283125
3.376	-0.227375
3.377	-0.224
3.378	-0.0109375
3.379	-0.488375
3.38	-0.399125
3.381	0.5890625
3.382	0.6918125
3.383	0.435625
3.384	-0.499125
3.385	-0.951
3.386	-0.095375
3.387	-0.1339375
3.388	-0.0080625
3.389	1.223188
3.39	1.350813
3.391	1.108125
3.392	1.461
3.393	1.336938
3.394	0.8776875
3.395	0.4625625
3.396	-0.067875
3.397	-0.5285
3.398	-0.465125
3.399	-0.0949375
3.4	0.01575
3.401	0.076625
3.402	0.2431875
3.403	0.3516875
3.404	0.3088125
3.405	0.2520625
3.406	0.073125
3.407	-0.2045
3.408	-0.378125
3.409	-0.4011875
3.41	-0.1308125
3.411	0.4388125
3.412	0.772375
3.413	0.136375
3.414	-0.5173125
3.415	-0.5100625
3.416	0.5903125
3.417	1.509188
3.418	1.21
3.419	1.7625
3.42	NaN
3.421	1.337625
3.422	0.4341875
3.423	-0.2578125
3.424	-0.355375
3.425	-0.268625
3.426	-0.3609375
3.427	0.0575
3.428	0.1164375
3.429	-0.1231875
3.43	0.510875
3.431	0.9584375
3.432	0.9046875
3.433	1.183125
3.434	1.434
3.435	0.2584375
3.436	-0.8731875
3.437	-1.297813
3.438	-0.505625
3.439	0.3955625
3.44	0.3401875
3.441	1.469688
3.442	NaN
3.443	1.841438
3.444	0.98225
3.445	0.1558125
3.446	-0.2568125
3.447	-0.3576875
3.448	-0.1293125
3.449	-0.1125
3.45	-0.389
3.451	-0.7329375
3.452	-0.498125
3.453	0.0620625
3.454	0.026625
3.455	-0.4076875
3.456	-0.602
3.457	-0.5375625
3.458	-0.572375
3.459	-0.435875
3.46	0.2713125
3.461	1.2385
3.462	1.86875
3.463	1.585375
3.464	0.8048125
3.465	0.32675
3.466	0.1196875
3.467	-0.2865
3.468	-0.516375
3.469	-0.1904375
3.47	-0.02725
3.471	-0.125375
3.472	-0.2603125
3.473	-0.3675
3.474	-0.308625
3.475	-0.068375
3.476	0.179875
3.477	-0.237875
3.478	-0.617
3.479	-0.2081875
3.48	0.1911875
3.481	0.1879375
3.482	0.1534375
3.483	0.341
3.484	0.6196875
3.485	-0.1339375
3.486	-1.348438
3.487	-0.275
3.488	1.344625
3.489	1.741125
3.49	1.151688
3.491	0.185
3.492	-0.205875
3.493	-0.350625
3.494	-0.053125
3.495	0.268625
3.496	0.1933125
3.497	0.0796875
3.498	0.0138125
3.499	-0.0716875
3.5	-0.0710625
3.501	-0.0095
3.502	-0.207125
3.503	-0.4010625
3.504	-0.528125
3.505	-0.297125
3.506	0.0199375
3.507	-0.1001875
3.508	-0.1880625
3.509	-0.1905625
3.51	0.7791875
3.511	1.037313
3.512	0.155625
3.513	0.7106875
3.514	1.9995
3.515	1.599563
3.516	0.2851875
3.517	-0.4044375
3.518	-0.632375
3.519	-0.32975
3.52	-0.1913125
3.521	-0.5539375
3.522	-0.680625
3.523	-0.34125
3.524	-0.1956875
3.525	-0.257
3.526	-0.298875
3.527	-0.31525
3.528	-0.1638125
3.529	-0.4531875
3.53	-0.37625
3.531	-0.1049375
3.532	-0.4451875
3.533	-0.646875
3.534	-0.9069375
3.535	0.5295
3.536	0.6918125
3.537	-0.2605625
3.538	0.288625
3.539	0.5966875
3.54	0.8075625
3.541	0.2920625
3.542	0.2963125
3.543	0.5851875
3.544	0.133875
3.545	-0.344625
3.546	-0.6724375
3.547	-0.7599375
3.548	-0.797375
3.549	-0.7256875
3.55	-0.3083125
3.551	-0.343625
3.552	-0.29225
3.553	0.5804375
3.554	1.239625
3.555	1.206125
3.556	0.981125
3.557	0.9749375
3.558	-0.0850625
3.559	-0.939125
3.56	-0.60825	#1 MFSLS 
3.561	-0.3893125
3.562	-0.327375
3.563	-0.45725
3.564	-0.6575
3.565	-0.6155625
3.566	-0.4258125
3.567	-0.42325
3.568	-0.3554375
3.569	-0.3558125
3.57	-0.0650625
3.571	0.6139375
3.572	0.2399375
3.573	-0.03825
3.574	0.412375
3.575	0.3095625
3.576	-0.133375
3.577	0.00225
3.578	0.204
3.579	0.2623125
3.58	0.1250625
3.581	-0.4273125
3.582	-0.13875
3.583	0.200375
3.584	-0.0871875
3.585	-0.170125
3.586	-0.2143125
3.587	-0.2506875
3.588	-0.2050625
3.589	-0.1238125
3.59	-0.134625
3.591	-0.234
3.592	-0.3366875
3.593	-0.328125
3.594	-0.07125
3.595	-0.0396875
3.596	-0.3135
3.597	-0.540375
3.598	-0.2178125
3.599	0.44925
3.6	0.37475
3.601	0.012625
3.602	-0.5390625
3.603	-0.90025
3.604	-0.6286875
3.605	-0.3250625
3.606	0.0284375
3.607	0.43775
3.608	0.9045
3.609	0.4629375
3.61	0.020125
3.611	0.025375
3.612	-0.3201875
3.613	-0.1580625
3.614	0.2466875
3.615	0.484625
3.616	0.975
3.617	0.79075
3.618	0.156625
3.619	0.07325
3.62	-0.2786875
3.621	-0.4585625
3.622	-0.2924375
3.623	-0.291375
3.624	-0.9230625
3.625	-0.9394375
3.626	-0.7916875
3.627	0.2470625
3.628	1.882313
3.629	0.7856875
3.63	-0.09375
3.631	0.36975
3.632	0.2755
3.633	0.1193125
3.634	-0.179875
3.635	-0.5076875
3.636	-0.5358125
3.637	-0.421375
3.638	-0.266875
3.639	-0.24925
3.64	-0.2338125
3.641	-0.21975
3.642	-0.1908125
3.643	-0.0601875
3.644	-0.651375
3.645	-0.441875
3.646	0.4275625
3.647	0.119625
3.648	0.1993125
3.649	0.4226875
3.65	-0.1400625
3.651	-0.655875
3.652	-0.3584375
3.653	-0.0366875
3.654	-0.23975
3.655	-0.4
3.656	-0.4255625
3.657	-0.4
3.658	-0.4293125
3.659	-0.4635625
3.66	-0.3595
3.661	-0.2194375
3.662	-0.0684375
3.663	0.115875
3.664	0.170125
3.665	0.1018125
3.666	0.1048125
3.667	0.274875
3.668	0.21125
3.669	-0.0073125
3.67	-0.1936875
3.671	-0.402875
3.672	-0.3849375
3.673	-0.396875
3.674	-0.40275
3.675	-0.3106875
3.676	-0.3436875
3.677	-0.340125
3.678	-0.1454375
3.679	0.050125
3.68	0.2000625
3.681	0.1920625
3.682	0.1135625
3.683	0.191875
3.684	-0.0888125
3.685	0.3174375
3.686	1.070125
3.687	0.74575
3.688	0.534
3.689	0.296875
3.69	0.0893125
3.691	0.1688125
3.692	-0.135875
3.693	-0.4910625
3.694	-0.68925
3.695	-0.865
3.696	-0.8738125
3.697	-0.923625
3.698	-0.931
3.699	-0.7778125
3.7	-1.180187
3.701	-0.7725625
3.702	1.042563
3.703	NaN
3.704	1.602875
3.705	0.6119375
3.706	-0.1928125
3.707	-0.9255
3.708	-0.648875
3.709	0.58325
3.71	1.002688
3.711	0.357
3.712	0.1708125
3.713	0.2156875
3.714	0.24775
3.715	0.1825625
3.716	-0.4123125
3.717	-0.641125
3.718	-0.4021875
3.719	-0.4370625
3.72	-0.53625
3.721	-0.6116875
3.722	-0.366125
3.723	-0.294875
3.724	-0.7925
3.725	-1.195625
3.726	-1.43175
3.727	-0.218
3.728	1.175188
3.729	1.288438
3.73	1.39
3.731	1.015937
3.732	0.1419375
3.733	-0.2853125
3.734	-0.2329375
3.735	-0.3701875
3.736	-0.7026875
3.737	-0.811875
3.738	-0.76075
3.739	-0.64575
3.74	-0.4755625
3.741	-0.3730625
3.742	-0.32325
3.743	-0.256875
3.744	-0.24675
3.745	-0.2391875
3.746	-0.27875
3.747	-0.3034375
3.748	-0.33725
3.749	-0.3769375
3.75	-0.4715
3.751	-0.8325
3.752	-0.9941875
3.753	-0.9699375
3.754	-0.0571875
3.755	0.806
3.756	0.18325
3.757	0.1346875
3.758	0.4218125
3.759	0.146375
3.76	0.146625
3.761	0.0825
3.762	-0.1115
3.763	-0.1120625
3.764	-0.1021875
3.765	-0.24
3.766	-0.25725
3.767	-0.1406875
3.768	-0.048875
3.769	-0.1335
3.77	-0.2336875
3.771	-0.2718125
3.772	-0.327
3.773	-0.2684375
3.774	-0.3058125
3.775	-0.3689375
3.776	-0.282625
3.777	0.33725
3.778	0.63425
3.779	0.1325
3.78	-0.0439375
3.781	-0.18175
3.782	0.160125
3.783	0.1450625
3.784	-0.614875
3.785	-0.5033125
3.786	-0.2445
3.787	-0.3075625
3.788	-0.4159375
3.789	-0.44275
3.79	-0.3523125
3.791	-0.310625
3.792	-0.2720625
3.793	-0.2726875
3.794	-0.41575
3.795	-0.579125
3.796	-0.5635
3.797	-0.163
3.798	-0.368125
3.799	-1.111188
3.8	-0.391
3.801	0.0900625
3.802	-0.20525
3.803	0.4984375
3.804	0.9089375
3.805	1.185688
3.806	1.322375
3.807	0.845375
3.808	-0.713375
3.809	-1.049187
3.81	0.16225
3.811	-0.4474375
3.812	-0.7105
3.813	-0.3399375
3.814	0.0378125
3.815	0.486
3.816	0.2256875
3.817	-0.0085625
3.818	0.1925625
3.819	0.410125
3.82	-0.072
3.821	-0.67675
3.822	-0.5364375
3.823	-0.0491875
3.824	-0.09925
3.825	-0.303625
3.826	-0.24975
3.827	-0.1009375
3.828	-0.0115
3.829	-0.61725
3.83	-0.463875
3.831	0.0254375
3.832	-0.19975
3.833	-0.205125
3.834	-0.4360625
3.835	-0.60675
3.836	-0.4533125
3.837	-0.120625
3.838	-0.12
3.839	-0.42525
3.84	-0.288375
3.841	-0.2138125
3.842	-0.294875
3.843	-0.1765625
3.844	-0.125375
3.845	-0.1624375
3.846	-0.161875
3.847	-0.187
3.848	-0.18275
3.849	-0.2053125
3.85	-0.0921875
3.851	0.040375
3.852	-0.0504375
3.853	0.01925
3.854	0.0506875
3.855	-0.025
3.856	-0.1820625
3.857	-0.2223125
3.858	0.0073125
3.859	0.0173125
3.86	-0.373125
3.861	-0.9200625
3.862	-0.82575
3.863	-0.559375
3.864	-0.384
3.865	-0.2428125
3.866	-0.2305625
3.867	1.099875
3.868	1.974875
3.869	0.37325
3.87	-0.4944375
3.871	0.16125
3.872	0.228125
3.873	-0.3480625
3.874	-0.8716875
3.875	0.0625
3.876	0.67225
3.877	-0.3564375
3.878	-0.767625
3.879	-0.8653125
3.88	-0.0589375
3.881	1.818625
3.882	1.303187
3.883	-0.4549375
3.884	-0.2805625
3.885	0.9243125
3.886	1.396937
3.887	0.49
3.888	-0.42875
3.889	-0.6566875
3.89	-0.4404375
3.891	0.2296875
3.892	0.1479375
3.893	-0.512125
3.894	-0.585
3.895	-0.3976875
3.896	-0.250375
3.897	-0.4368125
3.898	-0.6500625
3.899	-0.5433125
3.9	-0.4781875
3.901	-0.4530625
3.902	-0.433375
3.903	-0.4306875
3.904	-0.66975
3.905	-0.7408125
3.906	-0.5505
3.907	-0.45425
3.908	0.677
3.909	0.5908125
3.91	-0.1566875
3.911	0.57275
3.912	0.61275
3.913	0.4555
3.914	0.37775
3.915	-0.063875
3.916	-0.599125
3.917	-0.5733125
3.918	-0.102125
3.919	0.0924375
3.92	0.004875
3.921	-0.2724375
3.922	0.0735625
3.923	0.349
3.924	0.0964375
3.925	0.0735625
3.926	0.0405
3.927	-0.0283125
3.928	-0.2893125
3.929	-0.581375
3.93	-0.5584375
3.931	-0.4831875
3.932	-0.3238125
3.933	-0.2134375
3.934	-0.2581875
3.935	-0.0810625
3.936	0.4125625
3.937	0.3451875
3.938	-0.0530625
3.939	-0.3436875
3.94	-0.36425
3.941	-0.146625
3.942	-0.127
3.943	0.11025
3.944	0.2269375
3.945	-0.0568125
3.946	-0.1991875
3.947	-0.3396875
3.948	-0.5365625
3.949	-0.3801875
3.95	-0.4971875
3.951	-0.44575
3.952	-0.0233125
3.953	0.3369375
3.954	0.4035
3.955	0.2605625
3.956	0.1888125
3.957	-0.3103125
3.958	-0.3919375
3.959	-0.28375
3.96	-0.403
3.961	-0.315125
3.962	-0.34475
3.963	-0.06575
3.964	0.2375
3.965	0.15425
3.966	0.058125
3.967	-0.2264375
3.968	-0.0218125
3.969	0.1534375
3.97	-0.2316875
3.971	-0.361875
3.972	-0.0888125
3.973	0.3995
3.974	0.2133125
3.975	-0.475125
3.976	-0.2235625
3.977	0.3103125
3.978	0.3340625
3.979	0.086875
3.98	-0.0095625
3.981	0.181875
3.982	-0.0270625
3.983	-0.431
3.984	-0.7391875
3.985	-0.966875
3.986	-0.62
3.987	-0.2648125
3.988	-0.58775
3.989	-0.7614375
3.99	-0.4555
3.991	-0.40425
3.992	-0.2618125
3.993	0.8364375
3.994	0.742125
3.995	0.135375
3.996	0.9203125
3.997	0.533625
3.998	-0.54725
3.999	-0.315125
4	-0.025
4.001	0.8638125
4.002	1.641063
4.003	0.896625
4.004	0.3959375
4.005	-0.030875
4.006	-0.3483125
4.007	-0.5670625
4.008	-0.7515
4.009	-0.605125
4.01	-0.5788125
4.011	-0.4674375
4.012	-0.35225
4.013	-0.299625
4.014	-0.28425
4.015	-0.3554375
4.016	-0.361
4.017	-0.2994375
4.018	-0.258625
4.019	-0.234625
4.02	-0.2011875
4.021	-0.1824375
4.022	-0.17575
4.023	-0.1534375
4.024	-0.1844375
4.025	-0.1559375
4.026	-0.28675
4.027	-0.6125
4.028	-0.624375
4.029	-0.6763125
4.03	-0.41175
4.031	-0.0454375
4.032	0.10975
4.033	0.8545
4.034	0.981875
4.035	0.578375
4.036	0.4068125
4.037	0.1453125
4.038	0.0461875
4.039	-0.0251875
4.04	-0.1065
4.041	-0.2784375
4.042	-0.422125
4.043	-0.3706875
4.044	-0.45325
4.045	-0.7889375
4.046	-0.9074375
4.047	-0.771625
4.048	-0.2396875
4.049	0.3248125
4.05	0.432
4.051	0.9693125
4.052	0.975875
4.053	0.1348125
4.054	0.338875
4.055	0.9051875
4.056	0.478125
4.057	-0.1513125
4.058	-0.24775
4.059	-0.5301875
4.06	-0.66725
4.061	-0.638875
4.062	-0.7603125
4.063	-0.2359375
4.064	0.1321875
4.065	-0.158125
4.066	-0.34825
4.067	-0.37775
4.068	-0.4803125
4.069	-0.6709375
4.07	-0.6596875
4.071	-0.27125
4.072	-0.0810625
4.073	-0.220125
4.074	-0.134625
4.075	-0.0101875
4.076	0.0605
4.077	0.421
4.078	0.276625
4.079	0.1995625
4.08	0.4530625
4.081	0.5081875
4.082	0.14825
4.083	-0.380625
4.084	-0.2449375
4.085	-0.1454375
4.086	-0.299125
4.087	-0.3598125
4.088	-0.337
4.089	-0.1824375
4.09	-0.0993125
4.091	-0.1945
4.092	-0.1458125
4.093	0.023125
4.094	-0.0594375
4.095	-0.2478125
4.096	-0.4911875
4.097	-0.66475
4.098	-0.5855625
4.099	-0.2964375
4.1	-0.170875
4.101	-0.20775
4.102	-0.1038125
4.103	-0.297875
4.104	-0.2745
4.105	0.276625
4.106	0.580375
4.107	0.3776875
4.108	0.178
4.109	0.0169375
4.11	-0.1165
4.111	-0.20925
4.112	-0.371
4.113	-0.2538125
4.114	-0.14725
4.115	-0.2303125
4.116	-0.2601875
4.117	-0.21475
4.118	-0.2439375
4.119	-0.2433125
4.12	-0.372125
4.121	-0.7100625
4.122	-0.940375
4.123	-1.335313
4.124	-0.5605
4.125	0.6671875
4.126	0.8740625
4.127	0.27925
4.128	-0.2001875
4.129	1.132125
4.13	1.293875
4.131	0.000625
4.132	-0.669625
4.133	-0.786
4.134	-0.5674375
4.135	-0.3476875
4.136	-0.299625
4.137	-0.4089375
4.138	-0.4606875
4.139	-0.3951875
4.14	-0.2211875
4.141	-0.2421875
4.142	-0.4078125
4.143	-0.5114375
4.144	-0.2174375
4.145	-0.137875
4.146	-0.576875
4.147	-0.2773125
4.148	0.267625
4.149	0.2620625
4.15	0.2660625
4.151	-0.0354375
4.152	-0.508125
4.153	-0.44825
4.154	-0.3051875
4.155	-0.0550625
4.156	0.2105625
4.157	0.077375
4.158	0.388125
4.159	0.7625625
4.16	0.510125
4.161	0.0298125
4.162	-0.34525
4.163	-0.4696875
4.164	-0.71675
4.165	-0.530625
4.166	-0.6706875
4.167	-0.6126875
4.168	0.146125
4.169	-0.378
