Interval=	0.001 s
ExcelDateTime=	4.5714698375541047e+004	2/26/2025 16:45:39.646746
TimeFormat=	StartOfBlock
DateFormat=	
ChannelTitle=	Channel 4
Range=	2.000 mV
2.61	0.73225
2.611	0.6145625
2.612	0.34
2.613	0.2848125
2.614	0.571375
2.615	0.670625
2.616	0.625875
2.617	0.699375
2.618	0.7353125
2.619	0.7284375
2.62	0.7566875
2.621	0.7409375
2.622	0.616625
2.623	0.63475
2.624	0.936375
2.625	0.986125
2.626	0.6948125
2.627	0.4476875
2.628	0.4799375
2.629	0.852375
2.63	1.3155
2.631	1.607938
2.632	1.0965
2.633	0.4588125
2.634	0.442125
2.635	0.553125
2.636	0.438625
2.637	-0.2785
2.638	-0.582
2.639	0.4648125
2.64	1.211875
2.641	0.8473125
2.642	0.7095625
2.643	0.733625
2.644	0.618875
2.645	0.5520625
2.646	0.46075
2.647	0.362875
2.648	0.323625
2.649	0.3186875
2.65	0.2795625
2.651	0.2815
2.652	0.3063125
2.653	0.3459375
2.654	0.44125
2.655	0.563375
2.656	0.64725
2.657	0.6753125
2.658	0.6025
2.659	0.456
2.66	0.3849375
2.661	0.400125
2.662	0.3379375
2.663	0.3538125
2.664	0.375125
2.665	0.1869375
2.666	-0.0595
2.667	-0.1943125
2.668	-0.1716875
2.669	-0.0383125
2.67	0.5960625
2.671	1.067438
2.672	0.7093125
2.673	0.168
2.674	0.2335625
2.675	0.8851875
2.676	1.016063
2.677	0.5574375
2.678	0.287125
2.679	0.1871875
2.68	0.3913125
2.681	0.693
2.682	0.8504375
2.683	0.7578125
2.684	0.5935625
2.685	0.480375
2.686	0.6233125
2.687	0.823375
2.688	0.325
2.689	0.204
2.69	0.3550625
2.691	0.5176875
2.692	0.9340625
2.693	0.9081875
2.694	0.6845625
2.695	0.3719375
2.696	0.0226875
2.697	-0.16675
2.698	-0.2450625
2.699	-0.2394375
2.7	-0.24075
2.701	-0.26275
2.702	-0.182875
2.703	-0.0461875
2.704	0.055
2.705	0.176625
2.706	0.1949375
2.707	0.2315625
2.708	0.411875
2.709	0.431875
2.71	0.2578125
2.711	0.01525
2.712	-0.1809375
2.713	0.1100625
2.714	0.4811875
2.715	0.7980625
2.716	1.462688
2.717	NaN
2.718	1.78825
2.719	-0.5205625
2.72	-1.280813
2.721	0.825125
2.722	NaN
2.723	1.402562
2.724	0.147625
2.725	-0.5513125
2.726	-0.877125
2.727	-0.9031875
2.728	-0.9263125
2.729	-1.06025
2.73	-1.174375
2.731	-1.075
2.732	-0.8876875
2.733	-0.84375
2.734	-0.772625
2.735	-0.6450625
2.736	-0.5304375
2.737	-0.531625
2.738	-0.673375
2.739	-0.6985625
2.74	-0.5545625
2.741	-0.449375
2.742	-0.5065625
2.743	-0.67175
2.744	-0.7639375
2.745	-0.719625
2.746	-0.6465625
2.747	-0.56875
2.748	-0.3973125
2.749	-0.341625
2.75	-0.45425
2.751	-0.65175
2.752	-0.8978125
2.753	-0.8436875
2.754	-0.7946875
2.755	-0.88675
2.756	-0.81775
2.757	-0.6688125
2.758	-0.63825
2.759	-0.771
2.76	-0.8978125
2.761	-0.798625
2.762	-0.745
2.763	-0.905625
2.764	-0.9451875
2.765	-0.742875
2.766	-0.052
2.767	0.2873125
2.768	-0.323
2.769	-0.964375
2.77	-1.095625
2.771	0.0119375
2.772	1.187437
2.773	0.756875
2.774	0.1983125
2.775	0.61425
2.776	0.229625
2.777	-0.9744375
2.778	-1.235563
2.779	-0.7045
2.78	-0.5561875
2.781	-0.7964375
2.782	-0.9893125
2.783	-1.275
2.784	-1.340875
2.785	-1.16425
2.786	-0.947125
2.787	-0.7850625
2.788	-0.729125
2.789	-0.7075
2.79	-0.60975
2.791	-0.36075
2.792	-0.30125
2.793	-0.653625
2.794	-0.8090625
2.795	-0.7320625
2.796	-0.8339375
2.797	-0.8720625
2.798	-0.756125
2.799	-0.32675
2.8	-0.38075
2.801	-1.297625
2.802	-0.990625
2.803	0.5361875
2.804	1.185375
2.805	1.295813
2.806	0.282125
2.807	-1.181812
2.808	-0.3305
2.809	1.064437
2.81	0.746
2.811	-0.713
2.812	-1.405313
2.813	-1.137625
2.814	-0.8575
2.815	-0.850125
2.816	-1.004688
2.817	-0.9695625
2.818	-1.052812
2.819	-1.038125
2.82	-0.7840625
2.821	-0.761
2.822	-0.92125
2.823	-0.9885
2.824	-0.5908125
2.825	-0.146375
2.826	-0.3135625
2.827	-0.50525
2.828	-0.5715
2.829	-0.741875
2.83	-0.9065625
2.831	-0.8855625
2.832	-0.8725
2.833	-1.0815
2.834	-1.253438
2.835	-0.9611875
2.836	-0.215375
2.837	0.3985625
2.838	0.8799375
2.839	0.174625
2.84	-0.88
2.841	-0.6449375
2.842	0.5824375
2.843	1.220188
2.844	0.1345
2.845	-0.7994375
2.846	-0.638625
2.847	-0.551875
2.848	-0.8318125
2.849	-1.015875
2.85	-1.11675
2.851	-0.9333125
2.852	-0.6653125
2.853	-0.5524375
2.854	-0.6384375
2.855	-0.6765625
2.856	-0.4933125
2.857	-0.55075
2.858	-0.6748125
2.859	-0.5075
2.86	-0.479625
2.861	-0.8358125
2.862	-1.20825
2.863	-1.106625
2.864	-0.5680625
2.865	-0.469125
2.866	-0.80825
2.867	-0.807125
2.868	-0.701
2.869	-0.77725
2.87	-0.7065
2.871	-0.581625
2.872	-0.35325
2.873	0.1411875
2.874	0.547125
2.875	0.4169375
2.876	-0.18975
2.877	-0.832
2.878	-0.241
2.879	0.82225
2.88	0.1859375
2.881	-0.9268125
2.882	-1.080563
2.883	-0.5664375
2.884	-0.3153125
2.885	-0.63
2.886	-0.748
2.887	-0.52325
2.888	-0.297375
2.889	-0.1725
2.89	0.0610625
2.891	0.419875
2.892	0.3628125
2.893	-0.326625
2.894	-1.149875
2.895	-1.261937
2.896	-0.7351875
2.897	-0.197875
2.898	-0.2671875
2.899	-0.5865
2.9	-0.0404375
2.901	0.231625
2.902	-0.3098125
2.903	-0.2496875
2.904	0.0811875
2.905	0.436875
2.906	0.5920625
2.907	0.104125
2.908	-0.452625
2.909	-0.7405625
2.91	-0.73475
2.911	-0.4025625
2.912	-0.384375
2.913	-0.725625
2.914	-0.791125
2.915	-0.6825625
2.916	-0.704
2.917	-0.609625
2.918	-0.4169375
2.919	-0.267625
2.92	0.2984375
2.921	0.7770625
2.922	0.0061875
2.923	-0.82675
2.924	-0.21675
2.925	1.039187
2.926	0.8621875
2.927	-1.158875
2.928	-1.613312
2.929	-0.0218125
2.93	0.370125
2.931	-0.2250625
2.932	-0.5149375
2.933	-0.61825
2.934	-0.6879375
2.935	-0.628875
2.936	-0.4516875
2.937	-0.62225
2.938	-0.7491875
2.939	-0.3684375
2.94	0.337
2.941	0.4811875
2.942	0.194625
2.943	0.1565
2.944	0.35975
2.945	-0.1328125
2.946	-0.7615625
2.947	-0.5999375
2.948	-0.76925
2.949	-0.9936875
2.95	-0.9575625
2.951	-0.732
2.952	-0.6020625
2.953	-0.2950625
2.954	0.201625
2.955	0.4075625
2.956	0.27125
2.957	-0.8595
2.958	-0.8481875
2.959	0.1460625
2.96	0.0215
2.961	0.2838125
2.962	0.917375
2.963	0.8473125
2.964	0.0475
2.965	-0.32875
2.966	0.3624375
2.967	0.8895625
2.968	-0.00675
2.969	-1.442063
2.97	-1.45375
2.971	-0.546
2.972	0.15025
2.973	0.142125
2.974	-0.4538125
2.975	-0.68025
2.976	-0.6165625
2.977	-0.587375
2.978	0.393125
2.979	1.80875
2.98	1.556812
2.981	-0.5209375
2.982	-0.99125
2.983	-0.1120625
2.984	-0.5146875
2.985	-0.2953125
2.986	0.37975
2.987	0.0714375
2.988	-0.439375
2.989	-0.6060625
2.99	-0.50075
2.991	-0.2148125
2.992	0.1280625
2.993	-0.000375
2.994	-0.7663125
2.995	-1.353813
2.996	-0.76925
2.997	0.3718125
2.998	0.2180625
2.999	-0.7408125
3	-1.167563
3.001	-0.460125
3.002	0.6239375
3.003	1.099687
3.004	0.562625
3.005	-0.52325
3.006	-0.9305625
3.007	-0.3593125
3.008	0.1858125
3.009	-0.2433125
3.01	-0.1030625
3.011	0.2699375
3.012	0.0171875
3.013	-0.346375
3.014	-1.051375
3.015	-0.9258125
3.016	-0.689875
3.017	-0.9605
3.018	-0.8210625
3.019	-0.587625
3.02	-0.409875
3.021	-0.446125
3.022	-0.56
3.023	-0.5088125
3.024	-0.43225
3.025	-0.380875
3.026	-0.4595625
3.027	-0.8595
3.028	-0.987125
3.029	-0.5451875
3.03	-0.447
3.031	-0.7675625
3.032	-0.8073125
3.033	-0.3605
3.034	-0.1255625
3.035	-0.3308125
3.036	-1.316063
3.037	-1.231313
3.038	1.3635
3.039	2.041187
3.04	-0.3788125
3.041	-1.873875
3.042	-0.15625
3.043	1.201313
3.044	0.1345
3.045	-0.5724375
3.046	-0.6863125
3.047	-0.869125
3.048	-0.7111875
3.049	-0.688875
3.05	-0.9034375
3.051	-0.923375
3.052	-0.8085625
3.053	-0.6916875
3.054	-0.70675
3.055	-0.5594375
3.056	-0.35075
3.057	-0.4841875
3.058	-0.40275
3.059	-0.2665
3.06	-0.3695
3.061	-0.4475
3.062	-0.6781875
3.063	-0.9145
3.064	-0.9998125
3.065	-0.7938125
3.066	-0.73125
3.067	-1.092125
3.068	-0.9590625
3.069	-0.3824375
3.07	-0.332875
3.071	-0.9961875
3.072	-1.288313
3.073	-0.76675
3.074	-0.0815625
3.075	0.101625
3.076	-0.2250625
3.077	-0.533375
3.078	-0.7753125
3.079	-0.78625
3.08	-0.229125
3.081	0.521125
3.082	0.4230625
3.083	-1.136313
3.084	NaN
3.085	-1.062375
3.086	0.5685
3.087	-0.0378125
3.088	-0.9283125
3.089	-0.7636875
3.09	-0.264625
3.091	0.8163125
3.092	0.5989375
3.093	-0.6956875
3.094	-1.089625
3.095	-1.072563
3.096	-0.6528125
3.097	-0.6980625
3.098	-0.943875
3.099	-1.13175
3.1	-1.16825
3.101	-0.6448125
3.102	-0.7110625
3.103	-0.6436875
3.104	-0.5555
3.105	-0.735
3.106	-0.796875
3.107	-0.766625
3.108	-0.6835
3.109	-0.754125
3.11	-0.90075
3.111	-1.006312
3.112	-1.059625
3.113	-1.076437
3.114	-1.103813
3.115	-1.143625
3.116	-1.175063
3.117	-1.172313
3.118	-1.146438
3.119	-1.0955
3.12	-1.024188
3.121	-0.9893125
3.122	-0.9515
3.123	-0.90375
3.124	-0.784375
3.125	-0.669625
3.126	-0.798125
3.127	-0.871625
3.128	-0.868625
3.129	-0.9823125
3.13	-1.08625
3.131	-1.090437
3.132	-1.039
3.133	-1.248813
3.134	-1.488625
3.135	-1.219938
3.136	-0.850875
3.137	-0.69475
3.138	-0.4003125
3.139	-0.4814375
3.14	-1.399125
3.141	-1.700438
3.142	-0.755
3.143	-0.1425
3.144	-0.292125
3.145	-0.08375
3.146	-0.673125
3.147	-1.89125
3.148	NaN
3.149	-1.736687
3.15	-1.089625
3.151	-0.8918125
3.152	-1.193688
3.153	-1.35475
3.154	-1.371063
3.155	-1.212687
3.156	-0.8824375
3.157	-0.7991875
3.158	-1.095625
3.159	-1.708813
3.16	-1.76225
3.161	-0.94875
3.162	-0.655
3.163	-0.2950625
3.164	0.079375
3.165	-0.6485
3.166	-0.7068125
3.167	-0.2619375
3.168	-0.5303125
3.169	-1.02675
3.17	-1.463125
3.171	-1.473375
3.172	-1.327688
3.173	-1.208438
3.174	-1.112875
3.175	-1.071
3.176	-1.251
3.177	-1.465
3.178	-1.045313
3.179	-0.35575
3.18	-0.004375
3.181	-0.880625
3.182	-1.948625
3.183	-1.215313
3.184	0.0250625
3.185	-0.510625
3.186	-1.891813
3.187	NaN
3.188	-1.21825
3.189	-0.65975
3.19	-0.87525
3.191	-0.969875
3.192	-1.268313
3.193	-1.662813
3.194	-1.016625
3.195	-0.6066875
3.196	-0.9996875
3.197	-1.2285
3.198	-0.98975
3.199	-0.63775
3.2	-0.8521875
3.201	-1.156562
3.202	-1.03225
3.203	-1.180063
3.204	-1.35025
3.205	-0.374625
3.206	0.21075
3.207	0.04975
3.208	-0.5223125
3.209	-1.490938
3.21	-1.197
3.211	-0.4054375
3.212	-0.5913125
3.213	-1.089375
3.214	-1.212438
3.215	-1.228375
3.216	-0.5506875
3.217	-0.1521875
3.218	-0.888625
3.219	-1.43175
3.22	-1.270813
3.221	-0.7223125
3.222	-0.64325
3.223	-1.081063
3.224	-1.144125
3.225	-0.6779375
3.226	-0.397
3.227	-0.2893125
3.228	-0.651875
3.229	-1.247688
3.23	-1.107438
3.231	-0.910125
3.232	-1.189313
3.233	-1.2995
3.234	-1.127938
3.235	-1.07925
3.236	-1.015688
3.237	-0.8650625
3.238	-0.818125
3.239	-0.942375
3.24	-1.019125
3.241	-0.590625
3.242	-0.2056875
3.243	-0.6715
3.244	-1.772
3.245	-1.514625
3.246	0.02025
3.247	0.431875
3.248	-0.317625
3.249	-0.408
3.25	0.1035625
3.251	-0.908125
3.252	-1.923813
3.253	-1.1875
3.254	0.017125
3.255	0.0001875
3.256	-0.369625
3.257	-0.461
3.258	-0.54275
3.259	-0.6145
3.26	-0.935375
3.261	-1.289313
3.262	-1.448125
3.263	-0.9429375
3.264	-0.3415
3.265	-0.1224375
3.266	-0.5569375
3.267	-1.29225
3.268	-1.056812
3.269	-0.693125
3.27	-1.005375
3.271	-1.316063
3.272	-0.9479375
3.273	-0.762125
3.274	-1.49275
3.275	NaN
3.276	-1.3715
3.277	0.3811875
3.278	0.47675
3.279	-0.53775
3.28	-0.9085
3.281	-0.94025
3.282	-0.905375
3.283	-0.9778125
3.284	-0.8735
3.285	-0.614
3.286	-0.4855625
3.287	-0.71475
3.288	-0.676
3.289	0.0609375
3.29	0.665
3.291	0.244375
3.292	-1.0985
3.293	-1.325688
3.294	0.134375
3.295	0.7716875
3.296	-0.181875
3.297	-1.016438
3.298	-1.06025
3.299	-0.8344375
3.3	-0.6904375
3.301	-0.4618125
3.302	-0.3485625
3.303	-0.466625
3.304	-0.6090625
3.305	-0.799875
3.306	-0.877
3.307	-0.68075
3.308	-0.512375
3.309	-0.6455
3.31	-0.7391875
3.311	-0.585875
3.312	-0.51475
3.313	-0.5235
3.314	-0.1651875
3.315	-0.0924375
3.316	-0.464
3.317	-0.860875
3.318	-1.247063
3.319	-1.055438
3.32	-0.4700625
3.321	0.038375
3.322	0.1524375
3.323	-0.35325
3.324	-0.9060625
3.325	-0.5733125
3.326	-0.42175
3.327	-0.7481875
3.328	-0.663875
3.329	-0.684625
3.33	-0.715125	#1 MTSLS 
3.331	-0.6424375
3.332	-0.694625
3.333	-0.84825
3.334	-0.9663125
3.335	-0.9368125
3.336	-0.7685
3.337	-0.308125
3.338	0.044375
3.339	-0.4190625
3.34	-0.7456875
3.341	-0.0725625
3.342	0.5143125
3.343	-0.584125
3.344	-2.015938
3.345	-2.020062
3.346	-0.503375
3.347	0.3123125
3.348	-0.4295
3.349	-0.7411875
3.35	-1.093
3.351	-1.30525
3.352	-0.9686875
3.353	-0.5956875
3.354	-0.3511875
3.355	-0.32425
3.356	-0.4850625
3.357	-0.588625
3.358	-0.5881875
3.359	-0.509875
3.36	-0.4155625
3.361	-0.578625
3.362	-0.8030625
3.363	-0.8738125
3.364	-0.753125
3.365	-0.604
3.366	-0.78725
3.367	-1.067375
3.368	-0.9716875
3.369	-0.6524375
3.37	-0.430125
3.371	-0.37025
3.372	-0.3855
3.373	-0.411625
3.374	-0.601
3.375	-0.6074375
3.376	-0.3699375
3.377	-0.336625
3.378	-0.6120625
3.379	-1.015937
3.38	-1.14175
3.381	-0.88375
3.382	-0.552875
3.383	-0.39025
3.384	-0.5055625
3.385	-0.627375
3.386	-0.47375
3.387	-0.357
3.388	-0.639625
3.389	-0.9990625
3.39	-1.021813
3.391	-0.7855
3.392	-0.6113125
3.393	-0.8468125
3.394	-1.044063
3.395	-0.8039375
3.396	-0.65
3.397	-0.7931875
3.398	-0.828875
3.399	-0.8119375
3.4	-0.9836875
3.401	-1.006125
3.402	-0.7088125
3.403	-0.4400625
3.404	-0.325375
3.405	-0.539875
3.406	-0.584875
3.407	-0.1246875
3.408	0.4221875
3.409	0.5951875
3.41	0.4675625
3.411	0.352875
3.412	-0.060875
3.413	-1.073813
3.414	-1.340813
3.415	-0.5900625
3.416	-1.257375
3.417	-1.962313
3.418	-1.179188
3.419	-0.12625
3.42	0.4925625
3.421	0.3755625
3.422	-0.0689375
3.423	-0.740375
3.424	-0.9291875
3.425	0.107625
3.426	0.295625
3.427	-0.748625
3.428	-1.159938
3.429	-1.008312
3.43	-0.7146875
3.431	-0.422375
3.432	-0.4304375
3.433	-0.59425
3.434	-0.529
3.435	-0.7076875
3.436	-0.9295
3.437	-0.6875625
3.438	-0.5014375
3.439	-0.4255625
3.44	-0.4165625
3.441	-0.527875
3.442	-0.5675625
3.443	-0.6371875
3.444	-0.723625
3.445	-0.7388125
3.446	-0.823375
3.447	-0.7403125
3.448	-0.4756875
3.449	-0.323625
3.45	-0.43625
3.451	-0.647125
3.452	-0.5786875
3.453	-0.423
3.454	-0.3276875
3.455	-0.2405625
3.456	-0.229875
3.457	-0.28425
3.458	-0.4239375
3.459	-0.552
3.46	-0.5841875
3.461	-0.5149375
3.462	-0.3845625
3.463	-0.386
3.464	-0.60025
3.465	-0.7358125
3.466	-0.664375
3.467	-0.655125
3.468	-0.645625
3.469	-0.5248125
3.47	-0.5383125
3.471	-0.56575
3.472	-0.4426875
3.473	-0.3544375
3.474	-0.3134375
3.475	-0.2340625
3.476	-0.25875
3.477	-0.422625
3.478	-0.4794375
3.479	-0.379625
3.48	-0.3063125
3.481	-0.300375
3.482	-0.265875
3.483	-0.37275
3.484	-0.571625
3.485	-0.5520625
3.486	-0.4765
3.487	-0.4608125
3.488	-0.435375
3.489	-0.44525
3.49	-0.340875
3.491	-0.164
3.492	-0.173
3.493	-0.20175
3.494	-0.250875
3.495	-0.4698125
3.496	-0.5159375
3.497	-0.4498125
3.498	-0.433875
3.499	-0.4405
3.5	-0.491
3.501	-0.485125
3.502	-0.46025
3.503	-0.4025625
3.504	-0.3674375
3.505	-0.3516875
3.506	-0.1768125
3.507	-0.02875
3.508	-0.0975
3.509	-0.3038125
3.51	-0.43075
3.511	-0.4783125
3.512	-0.4414375
3.513	-0.3434375
3.514	-0.467
3.515	-0.6288125
3.516	-0.3359375
3.517	0.004125
3.518	-0.0908125
3.519	-0.34825
3.52	-0.39
3.521	-0.2540625
3.522	-0.221
3.523	-0.2574375
3.524	-0.317875
3.525	-0.3436875
3.526	-0.297
3.527	-0.3178125
3.528	-0.338125
3.529	-0.28725
3.53	-0.2561875
3.531	-0.2116875
3.532	-0.42775
3.533	-0.66875
3.534	-0.4464375
3.535	-0.23225
3.536	-0.263
3.537	-0.2328125
3.538	-0.2303125
3.539	-0.130125
3.54	-0.0040625
3.541	0.0445625
3.542	0.10775
3.543	-0.3836875
3.544	-0.8194375
3.545	-0.5676875
3.546	-0.209125
3.547	-0.319
3.548	-0.574875
3.549	-0.5064375
3.55	-0.40575
3.551	-0.0963125
3.552	0.149625
3.553	-0.2373125
3.554	-0.6735
3.555	-0.4311875
3.556	-0.002875
3.557	-0.0410625
3.558	-0.0741875
3.559	-0.159
3.56	-0.4008125
3.561	-0.313125
3.562	0.018875
3.563	0.4859375
3.564	0.7826875
3.565	0.6440625
3.566	0.1760625
3.567	-0.2630625
3.568	-0.3966875
3.569	-0.4676875
3.57	-0.90475
3.571	-0.933625
3.572	-0.16075
3.573	0.0061875
3.574	-0.3515625
3.575	-0.2240625
3.576	-0.125375
3.577	-0.2389375
3.578	-0.233375
3.579	-0.2249375
3.58	-0.3545625
3.581	-0.4920625
3.582	-0.4645625
3.583	-0.43425
3.584	-0.3615
3.585	-0.2904375
3.586	-0.289375
3.587	-0.252875
3.588	-0.2715
3.589	-0.275125
3.59	-0.2029375
3.591	-0.1269375
3.592	-0.0496875
3.593	-0.0339375
3.594	-0.0053125
3.595	-0.0345
3.596	-0.224375
3.597	-0.38275
3.598	-0.44975
3.599	-0.440125
3.6	-0.4709375
3.601	-0.545125
3.602	-0.499125
3.603	-0.337375
3.604	-0.192875
3.605	-0.1404375
3.606	-0.0723125
3.607	0.0255
3.608	-0.033
3.609	-0.1765625
3.61	-0.21525
3.611	-0.2613125
3.612	-0.3260625
3.613	-0.424625
3.614	-0.3545625
3.615	-0.1700625
3.616	-0.1376875
3.617	-0.125375
3.618	-0.468
3.619	-0.54625
3.62	-0.0090625
3.621	0.3635625
3.622	0.3885
3.623	0.0939375
3.624	-0.256375
3.625	-0.3586875
3.626	-0.186625
3.627	-0.1755
3.628	-0.3480625
3.629	-0.3519375
3.63	-0.3313125
3.631	-0.4063125
3.632	-0.4579375
3.633	-0.4455
3.634	-0.468875
3.635	-0.62275
3.636	-0.6050625
3.637	-0.089375
3.638	0.543625
3.639	0.9823125
3.64	0.8036875
3.641	-0.4895
3.642	-1.346313
3.643	-0.775125
3.644	0.063625
3.645	0.209375
3.646	-0.19475
3.647	-0.3270625
3.648	-0.2795625
3.649	-0.2891875
3.65	-0.2865625
3.651	-0.3688125
3.652	-0.3543125
3.653	-0.3299375
3.654	-0.3409375
3.655	-0.1694375
3.656	-0.0764375
3.657	-0.1244375
3.658	-0.12325
3.659	-0.03875
3.66	-0.1336875
3.661	-0.367125
3.662	-0.489
3.663	-0.4745625
3.664	-0.2494375
3.665	-0.0971875
3.666	-0.081375
3.667	-0.1655
3.668	-0.3523125
3.669	-0.5009375
3.67	-0.3851875
3.671	-0.2030625
3.672	-0.2939375
3.673	-0.3335625
3.674	-0.2801875
3.675	-0.24
3.676	-0.208
3.677	-0.2204375
3.678	-0.2175625
3.679	-0.2471875
3.68	-0.3283125
3.681	-0.479625
3.682	-0.5905625
3.683	-0.549875
3.684	-0.4891875
3.685	-0.417125
3.686	-0.273
3.687	0.0198125
3.688	0.2415625
3.689	0.0871875
3.69	-0.1966875
3.691	-0.35625
3.692	-0.23725
3.693	0.1276875
3.694	0.5785
3.695	0.454875
3.696	-0.4785625
3.697	-0.9598125
3.698	-0.6300625
3.699	-0.13675
3.7	0.1081875
3.701	0.0099375
3.702	-0.279375
3.703	-0.4659375
3.704	-0.3838125
3.705	-0.236375
3.706	-0.144625
3.707	-0.0466875
3.708	0.1255
3.709	0.2129375
